2.379300000000000000e+04
1.070000000000000000e+04
8.199000000000000000e+03
1.797200000000000000e+04
1.857500000000000000e+04
1.830000000000000000e+03
6.550000000000000000e+02
9.210000000000000000e+02
1.178900000000000000e+04
2.135500000000000000e+04
8.170000000000000000e+02
2.408000000000000000e+03
2.708300000000000000e+04
4.112000000000000000e+03
9.907000000000000000e+03
1.086900000000000000e+04
2.449000000000000000e+04
2.308300000000000000e+04
2.203700000000000000e+04
1.989400000000000000e+04
2.363100000000000000e+04
8.704000000000000000e+03
1.131800000000000000e+04
2.313100000000000000e+04
2.520300000000000000e+04
1.633400000000000000e+04
1.843100000000000000e+04
2.931000000000000000e+03
1.458200000000000000e+04
2.040400000000000000e+04
2.354000000000000000e+04
1.620000000000000000e+03
8.738000000000000000e+03
2.835000000000000000e+03
1.987700000000000000e+04
2.375200000000000000e+04
8.562000000000000000e+03
1.867200000000000000e+04
1.263200000000000000e+04
4.284000000000000000e+03
1.739600000000000000e+04
2.529100000000000000e+04
4.729000000000000000e+03
1.383300000000000000e+04
2.416500000000000000e+04
1.681800000000000000e+04
9.180000000000000000e+02
3.061000000000000000e+03
2.765000000000000000e+03
1.161800000000000000e+04
7.512000000000000000e+03
4.744000000000000000e+03
1.547800000000000000e+04
1.763000000000000000e+03
3.268000000000000000e+03
2.322000000000000000e+04
1.290000000000000000e+04
1.670100000000000000e+04
6.374000000000000000e+03
1.399900000000000000e+04
1.994400000000000000e+04
1.929300000000000000e+04
2.040000000000000000e+03
2.175000000000000000e+03
5.158000000000000000e+03
1.191100000000000000e+04
1.850000000000000000e+03
1.597500000000000000e+04
6.788000000000000000e+03
1.728500000000000000e+04
4.719000000000000000e+03
1.988700000000000000e+04
2.461600000000000000e+04
2.365600000000000000e+04
4.141000000000000000e+03
2.363700000000000000e+04
2.521500000000000000e+04
9.510000000000000000e+02
1.225700000000000000e+04
1.953500000000000000e+04
1.732100000000000000e+04
2.258400000000000000e+04
1.687900000000000000e+04
9.869000000000000000e+03
1.165000000000000000e+03
2.363400000000000000e+04
1.359000000000000000e+03
1.595600000000000000e+04
1.820200000000000000e+04
6.818000000000000000e+03
1.732600000000000000e+04
6.815000000000000000e+03
3.257000000000000000e+03
1.777000000000000000e+03
2.153600000000000000e+04
2.433000000000000000e+03
1.092400000000000000e+04
5.875000000000000000e+03
1.317900000000000000e+04
2.363300000000000000e+04
2.125200000000000000e+04
2.532800000000000000e+04
2.078000000000000000e+03
4.115000000000000000e+03
1.721100000000000000e+04
2.059900000000000000e+04
1.096400000000000000e+04
2.657900000000000000e+04
2.472000000000000000e+04
4.078000000000000000e+03
1.707200000000000000e+04
1.272800000000000000e+04
8.673000000000000000e+03
4.730000000000000000e+03
1.597400000000000000e+04
2.482300000000000000e+04
1.112700000000000000e+04
4.385000000000000000e+03
1.911200000000000000e+04
2.539200000000000000e+04
8.766000000000000000e+03
1.214200000000000000e+04
3.934000000000000000e+03
6.981000000000000000e+03
9.214000000000000000e+03
2.636700000000000000e+04
2.641200000000000000e+04
6.297000000000000000e+03
2.008800000000000000e+04
5.024000000000000000e+03
1.675400000000000000e+04
1.013600000000000000e+04
1.480400000000000000e+04
5.140000000000000000e+03
4.732000000000000000e+03
1.977400000000000000e+04
1.075500000000000000e+04
2.296600000000000000e+04
3.272000000000000000e+03
2.522000000000000000e+04
1.320000000000000000e+04
1.549000000000000000e+03
1.325000000000000000e+04
1.550400000000000000e+04
6.910000000000000000e+03
6.748000000000000000e+03
1.666000000000000000e+03
2.367000000000000000e+04
1.934000000000000000e+03
2.366700000000000000e+04
1.910000000000000000e+03
1.740000000000000000e+03
6.140000000000000000e+03
1.988800000000000000e+04
9.980000000000000000e+03
2.128600000000000000e+04
5.832000000000000000e+03
1.981100000000000000e+04
1.672800000000000000e+04
1.372000000000000000e+03
1.194000000000000000e+03
1.054000000000000000e+03
5.591000000000000000e+03
2.073800000000000000e+04
2.602400000000000000e+04
2.382700000000000000e+04
2.018000000000000000e+03
2.632200000000000000e+04
4.668000000000000000e+03
2.032900000000000000e+04
7.904000000000000000e+03
6.274000000000000000e+03
2.652400000000000000e+04
1.058300000000000000e+04
2.032500000000000000e+04
8.250000000000000000e+03
1.764200000000000000e+04
2.692500000000000000e+04
1.731300000000000000e+04
1.772000000000000000e+03
1.633000000000000000e+03
1.548100000000000000e+04
2.637100000000000000e+04
1.541000000000000000e+04
1.981800000000000000e+04
1.551900000000000000e+04
1.446400000000000000e+04
2.118600000000000000e+04
3.790000000000000000e+02
1.394300000000000000e+04
6.549000000000000000e+03
9.882000000000000000e+03
2.480400000000000000e+04
1.022300000000000000e+04
2.450600000000000000e+04
1.077600000000000000e+04
2.457500000000000000e+04
2.403900000000000000e+04
4.840000000000000000e+02
2.170000000000000000e+03
1.411500000000000000e+04
3.540000000000000000e+02
4.094000000000000000e+03
2.383000000000000000e+04
2.556800000000000000e+04
9.000000000000000000e+02
7.894000000000000000e+03
1.848800000000000000e+04
3.130000000000000000e+02
1.681000000000000000e+03
2.353000000000000000e+03
9.912000000000000000e+03
2.128400000000000000e+04
3.791000000000000000e+03
6.192000000000000000e+03
3.177000000000000000e+03
2.066000000000000000e+03
1.127400000000000000e+04
2.123100000000000000e+04
1.898200000000000000e+04
2.041400000000000000e+04
6.420000000000000000e+03
2.337600000000000000e+04
4.417000000000000000e+03
8.189000000000000000e+03
6.869000000000000000e+03
2.203300000000000000e+04
1.714500000000000000e+04
2.071100000000000000e+04
1.183200000000000000e+04
1.266800000000000000e+04
1.911900000000000000e+04
1.617100000000000000e+04
1.940500000000000000e+04
2.143500000000000000e+04
2.101000000000000000e+03
1.809900000000000000e+04
1.326700000000000000e+04
2.402500000000000000e+04
4.409000000000000000e+03
2.145700000000000000e+04
2.058500000000000000e+04
2.131300000000000000e+04
7.919000000000000000e+03
6.276000000000000000e+03
1.767000000000000000e+03
2.059600000000000000e+04
1.270000000000000000e+04
6.607000000000000000e+03
2.223300000000000000e+04
1.249000000000000000e+03
2.013500000000000000e+04
1.046400000000000000e+04
1.769000000000000000e+03
2.288300000000000000e+04
8.168000000000000000e+03
1.418400000000000000e+04
1.435100000000000000e+04
1.519400000000000000e+04
1.663800000000000000e+04
2.028800000000000000e+04
1.607400000000000000e+04
2.519300000000000000e+04
1.968700000000000000e+04
2.108200000000000000e+04
2.404000000000000000e+04
8.424000000000000000e+03
1.783900000000000000e+04
7.902000000000000000e+03
5.187000000000000000e+03
1.018000000000000000e+04
7.944000000000000000e+03
2.049900000000000000e+04
1.609200000000000000e+04
1.574600000000000000e+04
5.532000000000000000e+03
4.794000000000000000e+03
1.290400000000000000e+04
9.893000000000000000e+03
2.170800000000000000e+04
1.928000000000000000e+03
1.783000000000000000e+03
1.853500000000000000e+04
2.609600000000000000e+04
1.681200000000000000e+04
7.748000000000000000e+03
7.923000000000000000e+03
1.547000000000000000e+04
2.076500000000000000e+04
1.310900000000000000e+04
2.124900000000000000e+04
9.782000000000000000e+03
2.342200000000000000e+04
4.737000000000000000e+03
2.562400000000000000e+04
2.539300000000000000e+04
2.705400000000000000e+04
4.760000000000000000e+02
7.930000000000000000e+03
9.892000000000000000e+03
4.752000000000000000e+03
1.076000000000000000e+04
7.076000000000000000e+03
1.236200000000000000e+04
4.848000000000000000e+03
5.110000000000000000e+03
2.243000000000000000e+04
2.087000000000000000e+04
2.621400000000000000e+04
2.581000000000000000e+03
7.416000000000000000e+03
2.919000000000000000e+03
4.739000000000000000e+03
9.877000000000000000e+03
1.334400000000000000e+04
2.543900000000000000e+04
2.082000000000000000e+03
1.260800000000000000e+04
3.284000000000000000e+03
2.461200000000000000e+04
7.753000000000000000e+03
2.557300000000000000e+04
9.210000000000000000e+03
9.947000000000000000e+03
1.988300000000000000e+04
1.686100000000000000e+04
6.056000000000000000e+03
1.849000000000000000e+03
1.046000000000000000e+04
1.380600000000000000e+04
1.414600000000000000e+04
2.039900000000000000e+04
1.709900000000000000e+04
2.086200000000000000e+04
5.033000000000000000e+03
2.644700000000000000e+04
2.292300000000000000e+04
1.521700000000000000e+04
7.746000000000000000e+03
2.604400000000000000e+04
1.512100000000000000e+04
2.108700000000000000e+04
1.470700000000000000e+04
6.278000000000000000e+03
2.432600000000000000e+04
5.876000000000000000e+03
5.027000000000000000e+03
6.292000000000000000e+03
1.929000000000000000e+04
2.267000000000000000e+04
1.220400000000000000e+04
5.203000000000000000e+03
1.346500000000000000e+04
2.422300000000000000e+04
3.959000000000000000e+03
1.061300000000000000e+04
1.655400000000000000e+04
9.962000000000000000e+03
6.430000000000000000e+02
1.673300000000000000e+04
1.503300000000000000e+04
1.791000000000000000e+03
1.162700000000000000e+04
2.619600000000000000e+04
3.633000000000000000e+03
5.035000000000000000e+03
1.191000000000000000e+04
1.706800000000000000e+04
5.997000000000000000e+03
1.593600000000000000e+04
1.672500000000000000e+04
9.800000000000000000e+01
1.198100000000000000e+04
9.875000000000000000e+03
1.678700000000000000e+04
3.050000000000000000e+03
2.692900000000000000e+04
1.075600000000000000e+04
1.461800000000000000e+04
9.916000000000000000e+03
1.632900000000000000e+04
4.227000000000000000e+03
1.663700000000000000e+04
2.429000000000000000e+03
2.135200000000000000e+04
2.634900000000000000e+04
1.965900000000000000e+04
5.006000000000000000e+03
3.030000000000000000e+02
1.445400000000000000e+04
9.899000000000000000e+03
8.347000000000000000e+03
1.062400000000000000e+04
1.740500000000000000e+04
2.041500000000000000e+04
8.140000000000000000e+02
2.221800000000000000e+04
5.111000000000000000e+03
1.559700000000000000e+04
1.493000000000000000e+04
1.157800000000000000e+04
1.497900000000000000e+04
5.028000000000000000e+03
9.393000000000000000e+03
2.718000000000000000e+03
2.068000000000000000e+03
1.289600000000000000e+04
2.367600000000000000e+04
2.256800000000000000e+04
1.249500000000000000e+04
2.087400000000000000e+04
2.069200000000000000e+04
9.800000000000000000e+02
1.602300000000000000e+04
6.866000000000000000e+03
1.031700000000000000e+04
2.556900000000000000e+04
2.400300000000000000e+04
2.368900000000000000e+04
1.422700000000000000e+04
2.622000000000000000e+03
2.645600000000000000e+04
1.061000000000000000e+04
1.880500000000000000e+04
3.294000000000000000e+03
4.297000000000000000e+03
1.491800000000000000e+04
9.908000000000000000e+03
1.739900000000000000e+04
4.285000000000000000e+03
1.060400000000000000e+04
2.475700000000000000e+04
4.747000000000000000e+03
2.294300000000000000e+04
2.669500000000000000e+04
2.555100000000000000e+04
9.785000000000000000e+03
1.115000000000000000e+04
2.399600000000000000e+04
1.989100000000000000e+04
1.076000000000000000e+03
5.813000000000000000e+03
2.656300000000000000e+04
1.458100000000000000e+04
2.198200000000000000e+04
9.728000000000000000e+03
2.127100000000000000e+04
2.381700000000000000e+04
8.183000000000000000e+03
6.304000000000000000e+03
2.652000000000000000e+04
2.178200000000000000e+04
7.166000000000000000e+03
2.650000000000000000e+04
2.189900000000000000e+04
9.398000000000000000e+03
2.387000000000000000e+03
1.387400000000000000e+04
1.810200000000000000e+04
2.652100000000000000e+04
1.857000000000000000e+03
2.199800000000000000e+04
8.754000000000000000e+03
2.424600000000000000e+04
2.647300000000000000e+04
2.331600000000000000e+04
1.831000000000000000e+03
2.116600000000000000e+04
1.678600000000000000e+04
1.064100000000000000e+04
2.541200000000000000e+04
1.558000000000000000e+04
2.118100000000000000e+04
1.278900000000000000e+04
2.142100000000000000e+04
1.842000000000000000e+03
2.827000000000000000e+03
6.048000000000000000e+03
5.031000000000000000e+03
5.198000000000000000e+03
8.031000000000000000e+03
5.045000000000000000e+03
3.804000000000000000e+03
6.750000000000000000e+03
3.323000000000000000e+03
4.414000000000000000e+03
1.913300000000000000e+04
6.825000000000000000e+03
2.046100000000000000e+04
8.940000000000000000e+03
1.863000000000000000e+03
1.095800000000000000e+04
2.143900000000000000e+04
1.154100000000000000e+04
1.290200000000000000e+04
4.394000000000000000e+03
1.272900000000000000e+04
1.022400000000000000e+04
1.676000000000000000e+04
7.803000000000000000e+03
2.635500000000000000e+04
1.255700000000000000e+04
2.144300000000000000e+04
3.603000000000000000e+03
9.341000000000000000e+03
2.106800000000000000e+04
1.751000000000000000e+03
8.657000000000000000e+03
9.285000000000000000e+03
4.288000000000000000e+03
2.015700000000000000e+04
1.772400000000000000e+04
7.190000000000000000e+02
6.813000000000000000e+03
2.068400000000000000e+04
8.746000000000000000e+03
1.820300000000000000e+04
2.609000000000000000e+04
1.125200000000000000e+04
1.107000000000000000e+03
3.326000000000000000e+03
6.792000000000000000e+03
5.700000000000000000e+02
3.212000000000000000e+03
1.040800000000000000e+04
1.730900000000000000e+04
5.239000000000000000e+03
8.745000000000000000e+03
9.550000000000000000e+03
6.870000000000000000e+02
1.821900000000000000e+04
4.109000000000000000e+03
1.611400000000000000e+04
1.911600000000000000e+04
1.056700000000000000e+04
3.853000000000000000e+03
6.520000000000000000e+03
2.225000000000000000e+04
2.047400000000000000e+04
2.562700000000000000e+04
2.337400000000000000e+04
1.565700000000000000e+04
1.727200000000000000e+04
2.442800000000000000e+04
9.400000000000000000e+03
5.871000000000000000e+03
5.774000000000000000e+03
2.129700000000000000e+04
8.196000000000000000e+03
1.380400000000000000e+04
1.643600000000000000e+04
1.489200000000000000e+04
9.163000000000000000e+03
1.845000000000000000e+04
8.029000000000000000e+03
2.461300000000000000e+04
1.935400000000000000e+04
1.030700000000000000e+04
1.617000000000000000e+04
1.662800000000000000e+04
1.272600000000000000e+04
2.528400000000000000e+04
9.077000000000000000e+03
1.911700000000000000e+04
1.153000000000000000e+04
9.470000000000000000e+02
6.479000000000000000e+03
2.655600000000000000e+04
8.198000000000000000e+03
2.269200000000000000e+04
2.012400000000000000e+04
2.321000000000000000e+04
2.271300000000000000e+04
2.428100000000000000e+04
1.913000000000000000e+03
2.306200000000000000e+04
5.148000000000000000e+03
1.155800000000000000e+04
1.289800000000000000e+04
2.365700000000000000e+04
2.216100000000000000e+04
2.472900000000000000e+04
6.835000000000000000e+03
1.174300000000000000e+04
1.303000000000000000e+04
9.475000000000000000e+03
1.986400000000000000e+04
1.944100000000000000e+04
2.640900000000000000e+04
1.304000000000000000e+04
2.608900000000000000e+04
5.206000000000000000e+03
8.741000000000000000e+03
1.774000000000000000e+03
4.028000000000000000e+03
1.363800000000000000e+04
1.854400000000000000e+04
2.383200000000000000e+04
1.750000000000000000e+03
3.806000000000000000e+03
1.190600000000000000e+04
1.413900000000000000e+04
3.896000000000000000e+03
2.265300000000000000e+04
1.338200000000000000e+04
2.312100000000000000e+04
1.529200000000000000e+04
1.638200000000000000e+04
1.933700000000000000e+04
1.591700000000000000e+04
6.828000000000000000e+03
8.963000000000000000e+03
2.046400000000000000e+04
5.025000000000000000e+03
2.400400000000000000e+04
2.118800000000000000e+04
1.759800000000000000e+04
6.653000000000000000e+03
2.354700000000000000e+04
1.564000000000000000e+04
1.144900000000000000e+04
1.989700000000000000e+04
1.634600000000000000e+04
5.036000000000000000e+03
2.037700000000000000e+04
1.459400000000000000e+04
1.785000000000000000e+03
2.627800000000000000e+04
2.618400000000000000e+04
5.835000000000000000e+03
2.329200000000000000e+04
2.652500000000000000e+04
9.850000000000000000e+02
8.824000000000000000e+03
1.805000000000000000e+03
6.714000000000000000e+03
4.407000000000000000e+03
1.164200000000000000e+04
4.663000000000000000e+03
2.176100000000000000e+04
2.415000000000000000e+03
1.707400000000000000e+04
6.957000000000000000e+03
3.873000000000000000e+03
1.379500000000000000e+04
2.366000000000000000e+03
2.384000000000000000e+04
2.608400000000000000e+04
6.911000000000000000e+03
2.108000000000000000e+04
1.562000000000000000e+03
2.602300000000000000e+04
5.159000000000000000e+03
1.924000000000000000e+03
2.124200000000000000e+04
1.308000000000000000e+03
1.548400000000000000e+04
2.216000000000000000e+04
1.582400000000000000e+04
1.979000000000000000e+04
1.417100000000000000e+04
2.095000000000000000e+03
8.437000000000000000e+03
2.122900000000000000e+04
2.086600000000000000e+04
2.666700000000000000e+04
9.394000000000000000e+03
9.806000000000000000e+03
5.827000000000000000e+03
3.002000000000000000e+03
1.810500000000000000e+04
1.798000000000000000e+03
1.855000000000000000e+04
6.824000000000000000e+03
1.574200000000000000e+04
1.260000000000000000e+03
8.899000000000000000e+03
1.608000000000000000e+04
9.544000000000000000e+03
1.490000000000000000e+03
2.524000000000000000e+04
2.499500000000000000e+04
2.558700000000000000e+04
6.691000000000000000e+03
2.423400000000000000e+04
9.794000000000000000e+03
1.899000000000000000e+03
9.297000000000000000e+03
6.191000000000000000e+03
1.770000000000000000e+03
1.265000000000000000e+04
1.821000000000000000e+03
1.090700000000000000e+04
6.872000000000000000e+03
8.835000000000000000e+03
6.467000000000000000e+03
9.910000000000000000e+03
1.258600000000000000e+04
8.830000000000000000e+03
1.443900000000000000e+04
9.370000000000000000e+03
3.982000000000000000e+03
1.717300000000000000e+04
1.413800000000000000e+04
1.617400000000000000e+04
1.140700000000000000e+04
1.011100000000000000e+04
2.322100000000000000e+04
1.795300000000000000e+04
1.084200000000000000e+04
2.125000000000000000e+03
7.034000000000000000e+03
1.102800000000000000e+04
2.695100000000000000e+04
2.447500000000000000e+04
2.286500000000000000e+04
1.494300000000000000e+04
4.528000000000000000e+03
2.129500000000000000e+04
2.374600000000000000e+04
2.793000000000000000e+03
2.386300000000000000e+04
2.041800000000000000e+04
2.231800000000000000e+04
1.056600000000000000e+04
2.312000000000000000e+04
1.061200000000000000e+04
1.152300000000000000e+04
3.085000000000000000e+03
2.024100000000000000e+04
2.328500000000000000e+04
2.150400000000000000e+04
1.623600000000000000e+04
2.520800000000000000e+04
1.498300000000000000e+04
2.605800000000000000e+04
8.915000000000000000e+03
2.571000000000000000e+04
2.371100000000000000e+04
1.075100000000000000e+04
2.018800000000000000e+04
1.954100000000000000e+04
1.825000000000000000e+03
2.028500000000000000e+04
1.162200000000000000e+04
1.856000000000000000e+03
5.143000000000000000e+03
8.961000000000000000e+03
2.210800000000000000e+04
2.788800000000000000e+04
1.395400000000000000e+04
1.517200000000000000e+04
2.547100000000000000e+04
3.956000000000000000e+03
1.677000000000000000e+03
2.442900000000000000e+04
2.705700000000000000e+04
2.622900000000000000e+04
1.478500000000000000e+04
2.060600000000000000e+04
1.736000000000000000e+03
8.276000000000000000e+03
7.353000000000000000e+03
2.408900000000000000e+04
2.310500000000000000e+04
2.388000000000000000e+03
1.173600000000000000e+04
9.389000000000000000e+03
1.416700000000000000e+04
1.843000000000000000e+03
1.489600000000000000e+04
1.705400000000000000e+04
7.017000000000000000e+03
1.613700000000000000e+04
1.381800000000000000e+04
1.097600000000000000e+04
1.835000000000000000e+03
2.141600000000000000e+04
2.153100000000000000e+04
2.480500000000000000e+04
7.513000000000000000e+03
3.793000000000000000e+03
5.744000000000000000e+03
6.581000000000000000e+03
1.684700000000000000e+04
1.753800000000000000e+04
1.701700000000000000e+04
5.376000000000000000e+03
2.620600000000000000e+04
1.388200000000000000e+04
9.551000000000000000e+03
7.380000000000000000e+03
1.819000000000000000e+03
3.975000000000000000e+03
5.131000000000000000e+03
2.292400000000000000e+04
2.028400000000000000e+04
1.056000000000000000e+03
8.696000000000000000e+03
2.128700000000000000e+04
1.600200000000000000e+04
1.199000000000000000e+04
6.611000000000000000e+03
2.539500000000000000e+04
1.676100000000000000e+04
2.119000000000000000e+04
1.933600000000000000e+04
4.745000000000000000e+03
2.671500000000000000e+04
1.839000000000000000e+03
1.743000000000000000e+03
2.217000000000000000e+04
1.174100000000000000e+04
3.594000000000000000e+03
7.738000000000000000e+03
1.915000000000000000e+04
1.303900000000000000e+04
1.452200000000000000e+04
1.316400000000000000e+04
9.546000000000000000e+03
7.384000000000000000e+03
2.122800000000000000e+04
9.853000000000000000e+03
2.505200000000000000e+04
4.908000000000000000e+03
2.408800000000000000e+04
1.822100000000000000e+04
1.167000000000000000e+03
2.153000000000000000e+04
1.709400000000000000e+04
2.093000000000000000e+03
1.812000000000000000e+04
1.902000000000000000e+03
1.491200000000000000e+04
2.574600000000000000e+04
9.944000000000000000e+03
1.898600000000000000e+04
2.097000000000000000e+03
2.564600000000000000e+04
1.734700000000000000e+04
1.242700000000000000e+04
6.888000000000000000e+03
4.659000000000000000e+03
2.607700000000000000e+04
1.838200000000000000e+04
2.555600000000000000e+04
1.987600000000000000e+04
1.639700000000000000e+04
1.595200000000000000e+04
1.174900000000000000e+04
1.005700000000000000e+04
6.881000000000000000e+03
1.608200000000000000e+04
6.480000000000000000e+02
2.137500000000000000e+04
9.438000000000000000e+03
5.759000000000000000e+03
1.592800000000000000e+04
1.981600000000000000e+04
9.652000000000000000e+03
1.191400000000000000e+04
9.388000000000000000e+03
4.687000000000000000e+03
2.244600000000000000e+04
2.618100000000000000e+04
5.381000000000000000e+03
1.614900000000000000e+04
1.192400000000000000e+04
1.300300000000000000e+04
2.211100000000000000e+04
6.305000000000000000e+03
1.636000000000000000e+03
1.386500000000000000e+04
8.178000000000000000e+03
2.135000000000000000e+04
4.689000000000000000e+03
1.176100000000000000e+04
4.740000000000000000e+03
9.836000000000000000e+03
6.959000000000000000e+03
6.351000000000000000e+03
1.096000000000000000e+04
2.328600000000000000e+04
1.612400000000000000e+04
1.687000000000000000e+04
1.060500000000000000e+04
9.540000000000000000e+02
1.877900000000000000e+04
2.060200000000000000e+04
2.330400000000000000e+04
2.389000000000000000e+03
1.826200000000000000e+04
1.183600000000000000e+04
1.240000000000000000e+03
2.578000000000000000e+03
2.045700000000000000e+04
1.881200000000000000e+04
1.556300000000000000e+04
1.981400000000000000e+04
2.208600000000000000e+04
1.262100000000000000e+04
8.558000000000000000e+03
2.293700000000000000e+04
6.218000000000000000e+03
2.663000000000000000e+03
2.290400000000000000e+04
8.018000000000000000e+03
2.365100000000000000e+04
5.559000000000000000e+03
1.797000000000000000e+03
1.413700000000000000e+04
2.608100000000000000e+04
3.983000000000000000e+03
6.697000000000000000e+03
1.142400000000000000e+04
4.742000000000000000e+03
1.115600000000000000e+04
9.883000000000000000e+03
1.768000000000000000e+03
2.074500000000000000e+04
1.552900000000000000e+04
1.672000000000000000e+04
2.556300000000000000e+04
6.483000000000000000e+03
1.018400000000000000e+04
8.913000000000000000e+03
8.249000000000000000e+03
1.727800000000000000e+04
1.914200000000000000e+04
1.978000000000000000e+04
2.400700000000000000e+04
1.731900000000000000e+04
1.612000000000000000e+04
3.742000000000000000e+03
1.493500000000000000e+04
2.279900000000000000e+04
8.960000000000000000e+02
9.745000000000000000e+03
2.292600000000000000e+04
2.610000000000000000e+02
1.755000000000000000e+03
8.184000000000000000e+03
5.107000000000000000e+03
7.152000000000000000e+03
7.592000000000000000e+03
7.230000000000000000e+03
7.860000000000000000e+03
1.002000000000000000e+03
2.373000000000000000e+04
3.974000000000000000e+03
4.030000000000000000e+03
2.040200000000000000e+04
5.200000000000000000e+01
6.609000000000000000e+03
1.182800000000000000e+04
7.862000000000000000e+03
1.095000000000000000e+04
2.630000000000000000e+02
1.537900000000000000e+04
5.173000000000000000e+03
2.297200000000000000e+04
1.521800000000000000e+04
6.786000000000000000e+03
1.601200000000000000e+04
9.840000000000000000e+02
2.045800000000000000e+04
2.018300000000000000e+04
1.882700000000000000e+04
1.851000000000000000e+03
3.490000000000000000e+02
1.596100000000000000e+04
1.698600000000000000e+04
2.335700000000000000e+04
1.989500000000000000e+04
1.822000000000000000e+03
9.822000000000000000e+03
1.896800000000000000e+04
2.099000000000000000e+03
3.180000000000000000e+03
2.099000000000000000e+04
2.403800000000000000e+04
2.376000000000000000e+03
1.269600000000000000e+04
1.841000000000000000e+03
1.551000000000000000e+03
1.796700000000000000e+04
1.076300000000000000e+04
2.363200000000000000e+04
2.214000000000000000e+03
1.182700000000000000e+04
2.301400000000000000e+04
3.887000000000000000e+03
8.833000000000000000e+03
6.787000000000000000e+03
5.860000000000000000e+02
8.460000000000000000e+02
2.270500000000000000e+04
2.596000000000000000e+04
5.758000000000000000e+03
8.763000000000000000e+03
1.989300000000000000e+04
6.860000000000000000e+02
7.936000000000000000e+03
2.033100000000000000e+04
6.887000000000000000e+03
2.194300000000000000e+04
1.672200000000000000e+04
8.874000000000000000e+03
1.538400000000000000e+04
2.247800000000000000e+04
6.186000000000000000e+03
2.672200000000000000e+04
6.596000000000000000e+03
1.058500000000000000e+04
2.690600000000000000e+04
2.223000000000000000e+03
2.363800000000000000e+04
2.346000000000000000e+03
6.690000000000000000e+02
1.195600000000000000e+04
4.660000000000000000e+02
1.848000000000000000e+03
2.021100000000000000e+04
3.792000000000000000e+03
4.031000000000000000e+03
1.173400000000000000e+04
1.667000000000000000e+03
2.370400000000000000e+04
2.522000000000000000e+03
1.164000000000000000e+03
8.521000000000000000e+03
1.309900000000000000e+04
5.804000000000000000e+03
2.258300000000000000e+04
4.384000000000000000e+03
2.217400000000000000e+04
1.836100000000000000e+04
6.147000000000000000e+03
1.704900000000000000e+04
2.404000000000000000e+03
1.741000000000000000e+03
5.201000000000000000e+03
1.315400000000000000e+04
1.014000000000000000e+04
1.890500000000000000e+04
3.872000000000000000e+03
2.969000000000000000e+03
1.848400000000000000e+04
1.534100000000000000e+04
9.919000000000000000e+03
1.844000000000000000e+03
1.422600000000000000e+04
2.147700000000000000e+04
9.287000000000000000e+03
1.132100000000000000e+04
2.714900000000000000e+04
8.203000000000000000e+03
4.281000000000000000e+03
2.211700000000000000e+04
1.454300000000000000e+04
1.854900000000000000e+04
1.318000000000000000e+04
4.002000000000000000e+03
8.051000000000000000e+03
1.446100000000000000e+04
7.870000000000000000e+02
1.241100000000000000e+04
4.906000000000000000e+03
1.414300000000000000e+04
8.798000000000000000e+03
5.873000000000000000e+03
