4.994900000000000000e+04
2.152000000000000000e+03
2.054500000000000000e+04
2.485900000000000000e+04
1.544600000000000000e+04
3.707600000000000000e+04
3.634400000000000000e+04
3.234000000000000000e+04
2.843700000000000000e+04
4.707000000000000000e+03
3.778100000000000000e+04
8.879000000000000000e+03
2.574100000000000000e+04
2.204000000000000000e+04
3.335700000000000000e+04
1.658300000000000000e+04
3.708000000000000000e+03
1.295000000000000000e+03
1.086000000000000000e+03
1.854000000000000000e+03
3.801000000000000000e+03
4.209700000000000000e+04
3.831800000000000000e+04
2.275700000000000000e+04
2.420600000000000000e+04
4.430400000000000000e+04
1.603000000000000000e+03
4.775000000000000000e+03
5.824000000000000000e+04
1.583200000000000000e+04
3.476500000000000000e+04
5.329800000000000000e+04
5.017300000000000000e+04
1.976300000000000000e+04
4.979100000000000000e+04
7.978000000000000000e+03
3.610000000000000000e+02
4.929000000000000000e+04
1.889300000000000000e+04
4.750500000000000000e+04
2.084200000000000000e+04
3.425700000000000000e+04
5.162200000000000000e+04
1.482700000000000000e+04
4.824900000000000000e+04
4.589000000000000000e+04
3.247100000000000000e+04
1.737000000000000000e+03
2.328600000000000000e+04
4.093900000000000000e+04
4.957100000000000000e+04
2.168800000000000000e+04
4.833600000000000000e+04
2.802900000000000000e+04
2.286000000000000000e+03
5.368200000000000000e+04
1.137000000000000000e+03
3.233300000000000000e+04
3.746000000000000000e+04
9.458000000000000000e+03
5.804000000000000000e+03
5.551900000000000000e+04
2.834800000000000000e+04
4.209200000000000000e+04
4.932100000000000000e+04
1.519600000000000000e+04
1.288500000000000000e+04
3.277000000000000000e+03
1.650000000000000000e+04
5.652000000000000000e+03
1.290600000000000000e+04
4.091000000000000000e+04
3.234500000000000000e+04
4.393800000000000000e+04
4.984400000000000000e+04
1.617600000000000000e+04
5.880100000000000000e+04
3.801500000000000000e+04
3.966000000000000000e+04
2.441200000000000000e+04
1.107100000000000000e+04
8.116000000000000000e+03
4.552500000000000000e+04
3.480400000000000000e+04
5.386900000000000000e+04
8.816000000000000000e+03
4.837000000000000000e+03
4.094600000000000000e+04
3.904000000000000000e+04
1.675100000000000000e+04
3.334900000000000000e+04
1.839000000000000000e+03
5.368000000000000000e+04
5.510000000000000000e+03
4.497700000000000000e+04
5.685900000000000000e+04
1.987000000000000000e+03
8.836000000000000000e+03
3.038200000000000000e+04
2.425800000000000000e+04
2.751400000000000000e+04
5.503400000000000000e+04
2.387700000000000000e+04
5.532000000000000000e+03
6.436000000000000000e+03
4.853100000000000000e+04
2.497700000000000000e+04
3.311300000000000000e+04
1.204200000000000000e+04
2.705000000000000000e+04
4.104400000000000000e+04
1.331500000000000000e+04
3.946300000000000000e+04
4.368000000000000000e+03
5.683100000000000000e+04
9.596000000000000000e+03
2.292000000000000000e+04
3.734000000000000000e+03
5.782200000000000000e+04
3.046300000000000000e+04
2.660600000000000000e+04
2.840200000000000000e+04
3.675000000000000000e+03
3.147800000000000000e+04
4.090400000000000000e+04
3.452900000000000000e+04
8.798000000000000000e+03
4.093000000000000000e+04
1.876600000000000000e+04
5.199100000000000000e+04
3.636000000000000000e+04
5.191500000000000000e+04
4.963200000000000000e+04
8.001000000000000000e+03
1.287500000000000000e+04
1.674200000000000000e+04
4.958400000000000000e+04
4.222700000000000000e+04
2.048000000000000000e+04
4.194400000000000000e+04
5.370000000000000000e+04
1.890500000000000000e+04
1.910000000000000000e+03
4.090300000000000000e+04
2.365500000000000000e+04
3.730900000000000000e+04
4.010300000000000000e+04
5.284000000000000000e+04
3.461100000000000000e+04
4.720900000000000000e+04
3.109900000000000000e+04
5.081800000000000000e+04
3.402900000000000000e+04
4.646800000000000000e+04
3.668000000000000000e+03
4.707000000000000000e+04
3.350900000000000000e+04
1.883000000000000000e+04
2.287000000000000000e+03
4.957400000000000000e+04
2.710000000000000000e+03
5.446600000000000000e+04
4.657100000000000000e+04
1.708900000000000000e+04
3.143600000000000000e+04
3.402300000000000000e+04
5.056300000000000000e+04
3.692700000000000000e+04
2.789500000000000000e+04
1.284800000000000000e+04
4.209900000000000000e+04
4.319000000000000000e+04
1.674100000000000000e+04
8.537000000000000000e+03
3.923300000000000000e+04
3.462300000000000000e+04
9.785000000000000000e+03
7.825000000000000000e+03
3.223700000000000000e+04
3.402000000000000000e+03
1.074000000000000000e+04
4.710900000000000000e+04
6.417000000000000000e+03
5.670600000000000000e+04
4.317600000000000000e+04
3.628000000000000000e+03
5.248400000000000000e+04
8.682000000000000000e+03
4.826000000000000000e+03
4.407900000000000000e+04
2.092300000000000000e+04
2.541000000000000000e+04
3.906000000000000000e+04
4.957300000000000000e+04
1.284200000000000000e+04
3.002600000000000000e+04
8.859000000000000000e+03
4.405700000000000000e+04
3.249000000000000000e+03
9.445000000000000000e+03
2.523900000000000000e+04
4.092500000000000000e+04
4.212000000000000000e+03
7.230000000000000000e+03
3.358100000000000000e+04
1.503400000000000000e+04
2.537000000000000000e+04
3.434500000000000000e+04
2.100300000000000000e+04
5.702700000000000000e+04
5.227200000000000000e+04
4.179000000000000000e+03
4.613400000000000000e+04
4.158600000000000000e+04
4.505600000000000000e+04
4.654800000000000000e+04
2.781400000000000000e+04
1.638500000000000000e+04
8.817000000000000000e+03
6.550000000000000000e+03
4.327000000000000000e+03
3.792000000000000000e+03
3.147700000000000000e+04
5.251100000000000000e+04
6.410000000000000000e+03
3.127500000000000000e+04
1.438000000000000000e+04
3.900500000000000000e+04
5.416900000000000000e+04
1.657800000000000000e+04
1.416600000000000000e+04
2.347500000000000000e+04
1.072000000000000000e+03
2.237800000000000000e+04
7.726000000000000000e+03
1.315400000000000000e+04
1.745100000000000000e+04
5.649700000000000000e+04
2.045700000000000000e+04
5.661300000000000000e+04
1.189400000000000000e+04
1.243200000000000000e+04
1.088000000000000000e+03
2.665500000000000000e+04
4.136300000000000000e+04
9.424000000000000000e+03
3.320100000000000000e+04
1.660800000000000000e+04
4.962200000000000000e+04
1.084100000000000000e+04
2.883700000000000000e+04
4.730100000000000000e+04
8.819000000000000000e+03
3.481500000000000000e+04
3.091800000000000000e+04
5.902000000000000000e+03
3.393000000000000000e+03
4.071300000000000000e+04
4.408800000000000000e+04
7.495000000000000000e+03
2.065300000000000000e+04
4.803700000000000000e+04
6.448000000000000000e+03
5.670900000000000000e+04
4.039700000000000000e+04
5.370500000000000000e+04
3.024700000000000000e+04
4.963800000000000000e+04
3.147000000000000000e+03
4.901400000000000000e+04
3.013600000000000000e+04
2.555400000000000000e+04
3.044800000000000000e+04
4.038300000000000000e+04
1.303700000000000000e+04
4.097300000000000000e+04
1.273600000000000000e+04
3.352000000000000000e+03
4.966800000000000000e+04
3.970000000000000000e+03
4.679300000000000000e+04
1.518400000000000000e+04
4.966600000000000000e+04
3.900000000000000000e+03
3.570000000000000000e+03
1.160200000000000000e+04
2.529400000000000000e+04
4.320000000000000000e+04
3.015200000000000000e+04
4.317500000000000000e+04
4.093100000000000000e+04
4.995100000000000000e+04
9.627000000000000000e+03
4.648000000000000000e+04
4.414800000000000000e+04
3.572300000000000000e+04
4.508000000000000000e+04
1.103700000000000000e+04
1.699000000000000000e+03
1.571700000000000000e+04
3.071500000000000000e+04
2.033500000000000000e+04
5.647000000000000000e+03
2.045600000000000000e+04
1.134400000000000000e+04
5.031000000000000000e+03
4.963000000000000000e+04
2.329900000000000000e+04
3.317000000000000000e+04
2.186500000000000000e+04
2.739000000000000000e+03
2.321000000000000000e+03
2.094000000000000000e+03
1.831600000000000000e+04
1.045800000000000000e+04
3.948600000000000000e+04
1.178300000000000000e+04
2.306600000000000000e+04
1.730600000000000000e+04
7.390000000000000000e+02
5.570000000000000000e+04
5.004400000000000000e+04
1.889700000000000000e+04
5.641500000000000000e+04
5.196100000000000000e+04
5.021000000000000000e+03
8.675000000000000000e+03
4.191200000000000000e+04
1.183800000000000000e+04
1.665100000000000000e+04
1.564000000000000000e+03
4.190200000000000000e+04
1.556200000000000000e+04
3.527400000000000000e+04
5.789800000000000000e+04
7.508000000000000000e+03
3.459100000000000000e+04
3.622000000000000000e+03
4.209400000000000000e+04
2.342600000000000000e+04
3.293000000000000000e+03
3.038600000000000000e+04
5.650300000000000000e+04
7.242000000000000000e+03
3.024500000000000000e+04
4.078300000000000000e+04
2.895800000000000000e+04
3.046900000000000000e+04
2.804600000000000000e+04
4.395000000000000000e+04
1.785800000000000000e+04
5.720000000000000000e+02
2.692200000000000000e+04
1.237300000000000000e+04
4.783300000000000000e+04
1.291400000000000000e+04
1.884900000000000000e+04
2.826200000000000000e+04
5.247900000000000000e+04
5.001200000000000000e+04
1.954300000000000000e+04
5.064000000000000000e+04
7.870000000000000000e+03
5.096500000000000000e+04
5.167000000000000000e+04
2.012300000000000000e+04
4.497500000000000000e+04
5.189300000000000000e+04
5.416300000000000000e+04
8.860000000000000000e+02
3.571400000000000000e+04
2.085100000000000000e+04
3.058300000000000000e+04
4.315900000000000000e+04
4.348000000000000000e+03
2.728400000000000000e+04
4.645200000000000000e+04
1.950000000000000000e+02
2.804500000000000000e+04
9.174000000000000000e+03
1.237200000000000000e+04
5.005100000000000000e+04
5.467300000000000000e+04
5.716600000000000000e+04
1.770000000000000000e+03
5.397200000000000000e+04
1.491700000000000000e+04
1.667900000000000000e+04
3.757900000000000000e+04
2.523300000000000000e+04
4.980000000000000000e+02
4.697000000000000000e+03
4.312900000000000000e+04
1.889900000000000000e+04
4.414600000000000000e+04
7.472000000000000000e+03
3.738600000000000000e+04
1.079800000000000000e+04
1.168400000000000000e+04
1.430600000000000000e+04
3.743000000000000000e+03
5.751200000000000000e+04
2.158800000000000000e+04
5.647400000000000000e+04
4.402100000000000000e+04
3.875900000000000000e+04
4.932400000000000000e+04
1.063000000000000000e+03
3.197300000000000000e+04
2.106000000000000000e+03
4.152500000000000000e+04
3.756000000000000000e+03
5.195900000000000000e+04
4.213000000000000000e+04
1.212600000000000000e+04
1.636500000000000000e+04
1.109100000000000000e+04
2.363600000000000000e+04
2.350500000000000000e+04
4.892500000000000000e+04
4.567500000000000000e+04
8.276000000000000000e+03
1.542800000000000000e+04
1.297500000000000000e+04
4.587700000000000000e+04
1.343600000000000000e+04
3.418300000000000000e+04
3.172200000000000000e+04
4.280400000000000000e+04
3.808500000000000000e+04
2.285000000000000000e+04
2.451100000000000000e+04
4.952000000000000000e+04
3.158500000000000000e+04
4.192600000000000000e+04
2.887400000000000000e+04
3.901700000000000000e+04
3.194600000000000000e+04
2.225000000000000000e+04
4.828600000000000000e+04
5.717500000000000000e+04
2.076500000000000000e+04
1.680300000000000000e+04
3.977600000000000000e+04
4.448800000000000000e+04
1.223000000000000000e+03
4.268000000000000000e+03
3.667000000000000000e+04
2.560000000000000000e+04
3.228200000000000000e+04
8.261000000000000000e+03
4.963600000000000000e+04
4.453200000000000000e+04
4.250800000000000000e+04
4.480100000000000000e+04
2.508300000000000000e+04
1.184000000000000000e+04
2.700600000000000000e+04
3.616000000000000000e+03
4.252200000000000000e+04
2.076300000000000000e+04
5.236400000000000000e+04
1.876900000000000000e+04
2.758200000000000000e+04
1.092000000000000000e+04
2.459400000000000000e+04
2.880100000000000000e+04
4.209500000000000000e+04
1.247400000000000000e+04
4.633900000000000000e+04
2.398000000000000000e+03
4.147800000000000000e+04
5.462200000000000000e+04
3.618000000000000000e+03
2.916000000000000000e+03
4.781800000000000000e+04
3.957000000000000000e+04
1.540200000000000000e+04
3.402500000000000000e+04
4.066000000000000000e+04
2.743900000000000000e+04
8.066000000000000000e+03
5.082000000000000000e+04
1.653000000000000000e+04
4.396400000000000000e+04
4.941100000000000000e+04
3.427800000000000000e+04
2.777600000000000000e+04
3.139200000000000000e+04
2.975200000000000000e+04
4.782400000000000000e+04
4.827700000000000000e+04
5.157900000000000000e+04
5.692900000000000000e+04
3.950500000000000000e+04
3.298100000000000000e+04
3.114100000000000000e+04
1.062100000000000000e+04
4.179500000000000000e+04
4.932000000000000000e+04
3.170300000000000000e+04
5.366800000000000000e+04
3.048100000000000000e+04
3.136900000000000000e+04
4.743500000000000000e+04
5.426800000000000000e+04
4.043000000000000000e+04
4.371900000000000000e+04
4.319600000000000000e+04
1.819500000000000000e+04
4.090700000000000000e+04
9.634000000000000000e+03
1.595300000000000000e+04
3.200200000000000000e+04
3.605900000000000000e+04
1.493300000000000000e+04
9.644000000000000000e+03
3.890000000000000000e+03
2.805500000000000000e+04
4.406000000000000000e+04
1.950300000000000000e+04
4.039800000000000000e+04
4.228600000000000000e+04
4.740300000000000000e+04
3.176200000000000000e+04
3.093400000000000000e+04
1.962000000000000000e+03
4.368400000000000000e+04
3.279100000000000000e+04
3.544600000000000000e+04
1.079000000000000000e+03
8.938000000000000000e+03
1.394900000000000000e+04
2.498500000000000000e+04
2.575000000000000000e+04
1.886500000000000000e+04
4.505400000000000000e+04
3.960000000000000000e+03
4.401200000000000000e+04
3.634000000000000000e+03
3.767000000000000000e+04
7.576000000000000000e+03
3.722000000000000000e+03
2.911800000000000000e+04
5.587700000000000000e+04
2.128800000000000000e+04
1.661100000000000000e+04
4.311800000000000000e+04
2.910500000000000000e+04
3.332900000000000000e+04
2.611800000000000000e+04
1.451900000000000000e+04
1.498900000000000000e+04
2.036600000000000000e+04
3.037200000000000000e+04
2.845000000000000000e+03
4.290500000000000000e+04
2.528700000000000000e+04
4.264500000000000000e+04
4.405400000000000000e+04
1.864100000000000000e+04
4.905100000000000000e+04
8.826000000000000000e+03
5.098800000000000000e+04
1.664300000000000000e+04
5.482100000000000000e+04
5.417000000000000000e+04
1.581700000000000000e+04
5.817800000000000000e+04
7.111000000000000000e+03
2.529700000000000000e+04
2.285800000000000000e+04
5.386000000000000000e+04
1.501500000000000000e+04
1.886000000000000000e+04
8.869000000000000000e+03
4.059400000000000000e+04
2.066000000000000000e+04
1.543400000000000000e+04
1.665300000000000000e+04
1.329900000000000000e+04
2.100000000000000000e+03
2.389200000000000000e+04
4.311600000000000000e+04
9.534000000000000000e+03
4.678600000000000000e+04
4.316900000000000000e+04
4.297900000000000000e+04
6.470000000000000000e+02
5.611000000000000000e+04
4.453900000000000000e+04
1.416900000000000000e+04
9.616000000000000000e+03
5.084000000000000000e+03
1.404300000000000000e+04
8.829000000000000000e+03
1.883900000000000000e+04
4.314200000000000000e+04
2.570000000000000000e+03
2.580900000000000000e+04
2.419500000000000000e+04
3.095600000000000000e+04
1.976200000000000000e+04
4.217000000000000000e+03
5.367200000000000000e+04
2.436200000000000000e+04
1.829800000000000000e+04
4.568400000000000000e+04
2.232000000000000000e+04
1.266000000000000000e+03
1.162300000000000000e+04
5.283900000000000000e+04
3.093200000000000000e+04
1.662000000000000000e+04
6.475000000000000000e+03
5.198800000000000000e+04
1.452400000000000000e+04
5.468100000000000000e+04
1.743400000000000000e+04
1.895100000000000000e+04
4.092300000000000000e+04
3.346600000000000000e+04
1.142200000000000000e+04
3.732000000000000000e+03
2.005200000000000000e+04
2.665700000000000000e+04
1.677100000000000000e+04
2.619400000000000000e+04
2.734400000000000000e+04
3.860800000000000000e+04
7.608000000000000000e+03
5.568800000000000000e+04
3.892000000000000000e+03
3.789000000000000000e+03
4.208600000000000000e+04
2.803500000000000000e+04
1.865500000000000000e+04
1.369400000000000000e+04
3.966300000000000000e+04
1.242900000000000000e+04
1.092800000000000000e+04
1.405400000000000000e+04
3.407700000000000000e+04
4.314400000000000000e+04
5.669700000000000000e+04
4.397000000000000000e+04
4.794700000000000000e+04
5.628200000000000000e+04
2.977800000000000000e+04
1.281000000000000000e+04
5.577000000000000000e+04
2.962400000000000000e+04
4.373000000000000000e+04
2.863000000000000000e+04
5.123600000000000000e+04
5.227300000000000000e+04
4.954800000000000000e+04
9.428000000000000000e+03
1.188100000000000000e+04
4.739700000000000000e+04
2.749100000000000000e+04
4.825300000000000000e+04
2.357300000000000000e+04
2.611600000000000000e+04
5.101000000000000000e+04
7.772000000000000000e+03
2.040100000000000000e+04
3.401800000000000000e+04
3.725000000000000000e+03
3.899600000000000000e+04
1.700000000000000000e+02
4.641300000000000000e+04
3.919800000000000000e+04
5.086700000000000000e+04
1.659200000000000000e+04
4.606700000000000000e+04
1.899400000000000000e+04
1.278000000000000000e+03
3.317800000000000000e+04
2.939400000000000000e+04
3.647000000000000000e+03
4.932200000000000000e+04
2.098800000000000000e+04
2.231900000000000000e+04
5.607200000000000000e+04
7.159000000000000000e+03
9.440000000000000000e+03
2.291900000000000000e+04
4.832500000000000000e+04
3.397900000000000000e+04
3.950700000000000000e+04
3.139700000000000000e+04
4.587900000000000000e+04
1.487300000000000000e+04
1.660000000000000000e+02
2.626000000000000000e+04
8.263000000000000000e+03
1.538600000000000000e+04
3.376700000000000000e+04
4.163800000000000000e+04
3.326100000000000000e+04
4.037700000000000000e+04
5.790200000000000000e+04
1.886200000000000000e+04
2.065500000000000000e+04
2.842900000000000000e+04
6.756000000000000000e+03
3.232000000000000000e+04
4.583300000000000000e+04
2.096000000000000000e+03
5.519000000000000000e+03
2.982900000000000000e+04
3.149300000000000000e+04
3.355000000000000000e+03
4.819000000000000000e+03
4.430100000000000000e+04
5.647700000000000000e+04
5.608500000000000000e+04
1.658600000000000000e+04
4.038700000000000000e+04
3.255900000000000000e+04
4.790000000000000000e+02
2.802600000000000000e+04
1.887400000000000000e+04
1.581500000000000000e+04
5.044700000000000000e+04
2.043300000000000000e+04
3.481600000000000000e+04
4.213100000000000000e+04
5.005200000000000000e+04
1.700400000000000000e+04
5.670800000000000000e+04
9.538000000000000000e+03
2.910800000000000000e+04
2.459600000000000000e+04
1.285800000000000000e+04
3.025200000000000000e+04
3.461900000000000000e+04
2.219800000000000000e+04
2.925100000000000000e+04
9.431000000000000000e+03
4.905200000000000000e+04
3.095000000000000000e+04
2.305100000000000000e+04
1.782700000000000000e+04
5.407000000000000000e+03
5.445900000000000000e+04
1.284300000000000000e+04
4.201000000000000000e+03
1.221700000000000000e+04
4.638900000000000000e+04
2.713700000000000000e+04
4.095600000000000000e+04
2.934900000000000000e+04
2.497100000000000000e+04
5.451900000000000000e+04
4.967700000000000000e+04
4.717600000000000000e+04
2.410900000000000000e+04
4.317400000000000000e+04
4.274900000000000000e+04
1.296900000000000000e+04
1.977800000000000000e+04
5.467400000000000000e+04
2.814900000000000000e+04
4.318600000000000000e+04
4.970400000000000000e+04
4.813000000000000000e+04
5.329200000000000000e+04
1.263000000000000000e+03
2.752200000000000000e+04
5.672500000000000000e+04
2.039700000000000000e+04
3.480700000000000000e+04
3.831700000000000000e+04
6.554000000000000000e+03
3.906900000000000000e+04
3.080200000000000000e+04
6.512000000000000000e+03
2.185500000000000000e+04
1.256900000000000000e+04
3.060500000000000000e+04
4.175000000000000000e+04
7.205000000000000000e+03
2.908500000000000000e+04
4.073900000000000000e+04
1.889400000000000000e+04
3.481100000000000000e+04
2.446400000000000000e+04
2.266500000000000000e+04
3.818000000000000000e+03
8.117000000000000000e+03
5.099700000000000000e+04
2.039000000000000000e+04
5.237100000000000000e+04
3.745900000000000000e+04
2.386300000000000000e+04
8.841000000000000000e+03
4.800300000000000000e+04
5.736300000000000000e+04
5.462800000000000000e+04
2.465600000000000000e+04
2.733400000000000000e+04
1.890200000000000000e+04
1.865000000000000000e+04
3.688000000000000000e+03
1.674600000000000000e+04
4.763000000000000000e+03
2.136800000000000000e+04
9.615000000000000000e+03
5.041500000000000000e+04
3.639000000000000000e+03
4.093400000000000000e+04
2.126000000000000000e+03
5.074900000000000000e+04
1.098000000000000000e+04
5.540000000000000000e+03
9.418000000000000000e+03
5.698400000000000000e+04
3.258400000000000000e+04
1.662000000000000000e+03
2.834700000000000000e+04
4.228000000000000000e+03
4.578800000000000000e+04
1.855900000000000000e+04
4.412400000000000000e+04
4.410800000000000000e+04
5.000200000000000000e+04
1.143900000000000000e+04
1.542200000000000000e+04
1.190800000000000000e+04
4.396100000000000000e+04
2.599300000000000000e+04
1.348700000000000000e+04
1.820700000000000000e+04
5.682500000000000000e+04
1.883200000000000000e+04
1.783800000000000000e+04
3.947200000000000000e+04
3.667500000000000000e+04
5.688900000000000000e+04
1.653300000000000000e+04
2.964000000000000000e+03
1.161900000000000000e+04
1.538200000000000000e+04
4.768900000000000000e+04
5.107200000000000000e+04
5.676700000000000000e+04
2.732200000000000000e+04
4.879900000000000000e+04
5.744100000000000000e+04
3.709000000000000000e+03
4.391700000000000000e+04
3.325800000000000000e+04
2.046500000000000000e+04
5.422600000000000000e+04
7.267000000000000000e+03
1.680000000000000000e+04
3.344300000000000000e+04
3.746000000000000000e+03
3.055600000000000000e+04
4.394500000000000000e+04
2.473100000000000000e+04
2.481000000000000000e+04
2.419800000000000000e+04
4.445600000000000000e+04
7.987000000000000000e+03
1.244300000000000000e+04
2.972000000000000000e+03
3.676000000000000000e+03
1.518300000000000000e+04
3.721000000000000000e+03
4.320200000000000000e+04
5.636000000000000000e+03
1.139900000000000000e+04
9.434000000000000000e+03
2.836500000000000000e+04
3.321200000000000000e+04
3.467900000000000000e+04
4.638500000000000000e+04
4.318300000000000000e+04
1.521900000000000000e+04
1.439100000000000000e+04
9.465000000000000000e+03
7.501000000000000000e+03
5.842700000000000000e+04
1.274100000000000000e+04
2.466800000000000000e+04
7.129000000000000000e+03
4.871700000000000000e+04
6.535000000000000000e+03
4.393700000000000000e+04
2.979100000000000000e+04
8.270000000000000000e+03
3.907200000000000000e+04
1.288000000000000000e+04
1.109000000000000000e+04
7.470000000000000000e+03
1.692500000000000000e+04
1.289400000000000000e+04
4.219900000000000000e+04
1.698100000000000000e+04
4.433900000000000000e+04
1.476200000000000000e+04
7.249000000000000000e+03
3.759000000000000000e+03
2.098400000000000000e+04
4.449700000000000000e+04
2.212000000000000000e+04
9.943000000000000000e+03
2.498300000000000000e+04
5.441500000000000000e+04
2.465900000000000000e+04
1.975300000000000000e+04
1.954500000000000000e+04
2.565100000000000000e+04
3.320900000000000000e+04
1.146700000000000000e+04
4.573700000000000000e+04
2.045800000000000000e+04
1.886800000000000000e+04
5.424500000000000000e+04
5.246900000000000000e+04
3.606000000000000000e+03
2.426900000000000000e+04
4.450600000000000000e+04
3.176800000000000000e+04
1.771100000000000000e+04
5.149000000000000000e+04
3.601000000000000000e+03
1.634900000000000000e+04
4.434200000000000000e+04
1.760200000000000000e+04
5.156600000000000000e+04
2.525800000000000000e+04
4.558900000000000000e+04
4.152900000000000000e+04
4.189500000000000000e+04
1.438000000000000000e+03
1.283600000000000000e+04
4.273200000000000000e+04
1.651400000000000000e+04
4.827000000000000000e+03
3.692800000000000000e+04
5.586800000000000000e+04
3.665000000000000000e+03
2.155100000000000000e+04
2.158000000000000000e+03
5.600000000000000000e+02
3.109800000000000000e+04
6.541000000000000000e+03
1.279400000000000000e+04
3.154100000000000000e+04
1.121000000000000000e+03
1.324600000000000000e+04
5.470200000000000000e+04
1.995200000000000000e+04
3.458100000000000000e+04
9.798000000000000000e+03
1.651300000000000000e+04
1.819600000000000000e+04
4.736500000000000000e+04
4.416100000000000000e+04
6.269000000000000000e+03
3.358000000000000000e+03
2.423600000000000000e+04
1.354000000000000000e+03
3.696400000000000000e+04
1.312300000000000000e+04
3.512500000000000000e+04
7.965000000000000000e+03
3.182200000000000000e+04
4.933400000000000000e+04
1.279700000000000000e+04
7.641000000000000000e+03
5.292000000000000000e+04
2.036000000000000000e+03
2.484000000000000000e+04
4.190000000000000000e+02
3.901400000000000000e+04
3.020400000000000000e+04
1.884600000000000000e+04
2.033300000000000000e+04
5.679600000000000000e+04
2.533600000000000000e+04
3.635300000000000000e+04
4.638200000000000000e+04
1.061700000000000000e+04
3.737300000000000000e+04
6.374000000000000000e+03
4.222200000000000000e+04
5.483000000000000000e+04
4.891700000000000000e+04
3.072900000000000000e+04
1.889100000000000000e+04
1.598000000000000000e+03
4.947500000000000000e+04
5.195400000000000000e+04
5.146600000000000000e+04
3.372000000000000000e+04
1.108300000000000000e+04
1.089800000000000000e+04
5.563000000000000000e+03
1.324500000000000000e+04
4.417200000000000000e+04
1.544300000000000000e+04
2.408500000000000000e+04
3.812000000000000000e+03
2.665300000000000000e+04
3.252000000000000000e+04
2.903600000000000000e+04
2.390300000000000000e+04
4.426000000000000000e+04
1.734700000000000000e+04
3.750900000000000000e+04
1.108900000000000000e+04
5.086800000000000000e+04
1.521700000000000000e+04
2.461300000000000000e+04
5.198900000000000000e+04
8.311000000000000000e+03
1.890300000000000000e+04
3.966400000000000000e+04
5.757000000000000000e+03
1.976000000000000000e+04
4.223000000000000000e+03
3.194500000000000000e+04
2.666300000000000000e+04
1.965400000000000000e+04
3.768100000000000000e+04
5.241800000000000000e+04
3.297000000000000000e+04
2.464900000000000000e+04
5.385500000000000000e+04
1.716500000000000000e+04
3.901500000000000000e+04
1.926800000000000000e+04
5.675400000000000000e+04
2.209900000000000000e+04
1.645900000000000000e+04
5.330900000000000000e+04
1.662900000000000000e+04
5.694800000000000000e+04
1.544500000000000000e+04
4.741200000000000000e+04
4.094300000000000000e+04
3.954000000000000000e+04
4.145700000000000000e+04
4.852400000000000000e+04
4.745200000000000000e+04
4.316400000000000000e+04
1.163000000000000000e+04
4.416300000000000000e+04
2.466300000000000000e+04
5.113900000000000000e+04
3.907000000000000000e+03
4.273900000000000000e+04
4.821700000000000000e+04
3.230000000000000000e+04
1.304600000000000000e+04
9.585000000000000000e+03
3.110000000000000000e+04
4.154200000000000000e+04
2.215900000000000000e+04
1.976100000000000000e+04
6.484000000000000000e+03
2.497300000000000000e+04
2.979000000000000000e+03
4.319900000000000000e+04
9.535000000000000000e+03
4.963300000000000000e+04
4.618600000000000000e+04
2.040400000000000000e+04
5.668300000000000000e+04
3.092400000000000000e+04
1.665900000000000000e+04
4.170300000000000000e+04
1.295300000000000000e+04
3.904900000000000000e+04
2.607000000000000000e+03
1.291700000000000000e+04
4.053400000000000000e+04
2.266200000000000000e+04
2.517100000000000000e+04
3.577000000000000000e+03
1.799000000000000000e+04
2.674000000000000000e+03
4.087500000000000000e+04
3.306000000000000000e+03
3.984900000000000000e+04
5.660500000000000000e+04
2.518800000000000000e+04
3.624000000000000000e+03
4.184000000000000000e+03
7.867000000000000000e+03
2.632800000000000000e+04
5.682800000000000000e+04
1.752000000000000000e+04
3.769000000000000000e+04
5.005800000000000000e+04
4.478500000000000000e+04
3.600000000000000000e+03
2.291200000000000000e+04
1.285700000000000000e+04
5.669200000000000000e+04
4.642500000000000000e+04
7.474000000000000000e+03
2.733300000000000000e+04
2.115000000000000000e+03
4.736400000000000000e+04
2.590300000000000000e+04
8.290000000000000000e+03
2.998400000000000000e+04
1.636400000000000000e+04
3.241700000000000000e+04
3.136300000000000000e+04
1.288700000000000000e+04
3.717000000000000000e+03
1.263800000000000000e+04
1.701200000000000000e+04
5.791600000000000000e+04
5.674900000000000000e+04
4.220500000000000000e+04
3.161000000000000000e+04
9.425000000000000000e+03
4.395200000000000000e+04
5.589800000000000000e+04
4.968800000000000000e+04
3.518000000000000000e+04
3.315600000000000000e+04
4.934000000000000000e+04
4.409500000000000000e+04
1.039400000000000000e+04
1.656100000000000000e+04
3.069100000000000000e+04
2.192100000000000000e+04
4.094500000000000000e+04
3.236100000000000000e+04
3.907900000000000000e+04
1.257000000000000000e+04
9.443000000000000000e+03
4.205200000000000000e+04
5.637100000000000000e+04
1.438100000000000000e+04
3.638000000000000000e+03
1.345800000000000000e+04
3.703200000000000000e+04
5.626800000000000000e+04
4.407500000000000000e+04
1.104000000000000000e+04
4.875100000000000000e+04
1.990000000000000000e+03
1.680200000000000000e+04
4.395500000000000000e+04
2.068000000000000000e+04
1.887800000000000000e+04
1.075400000000000000e+04
3.667000000000000000e+03
4.568600000000000000e+04
1.248100000000000000e+04
4.319700000000000000e+04
5.441100000000000000e+04
1.267200000000000000e+04
8.257000000000000000e+03
2.236500000000000000e+04
8.666000000000000000e+03
2.575900000000000000e+04
5.672600000000000000e+04
5.783000000000000000e+04
4.782000000000000000e+03
3.092900000000000000e+04
3.315700000000000000e+04
3.359700000000000000e+04
1.708600000000000000e+04
4.752000000000000000e+03
3.398800000000000000e+04
5.468000000000000000e+04
5.535500000000000000e+04
5.011100000000000000e+04
5.002600000000000000e+04
1.311000000000000000e+04
5.329600000000000000e+04
7.606000000000000000e+03
5.452200000000000000e+04
2.265900000000000000e+04
1.304500000000000000e+04
2.662100000000000000e+04
4.716000000000000000e+03
2.465300000000000000e+04
5.008300000000000000e+04
4.213300000000000000e+04
5.585500000000000000e+04
1.303800000000000000e+04
4.371500000000000000e+04
1.965000000000000000e+04
4.952900000000000000e+04
3.192000000000000000e+03
1.324700000000000000e+04
1.576000000000000000e+04
5.569600000000000000e+04
1.474200000000000000e+04
2.466600000000000000e+04
4.434000000000000000e+03
1.545300000000000000e+04
5.097600000000000000e+04
9.597000000000000000e+03
3.959000000000000000e+03
4.249600000000000000e+04
2.356500000000000000e+04
5.556500000000000000e+04
3.183100000000000000e+04
3.723000000000000000e+03
2.569000000000000000e+03
2.626700000000000000e+04
4.222300000000000000e+04
4.246000000000000000e+03
5.482200000000000000e+04
3.040400000000000000e+04
5.151100000000000000e+04
3.112400000000000000e+04
4.074300000000000000e+04
4.256000000000000000e+03
3.562000000000000000e+03
1.597500000000000000e+04
4.401800000000000000e+04
2.941300000000000000e+04
4.314900000000000000e+04
2.232800000000000000e+04
1.992000000000000000e+03
5.844800000000000000e+04
2.821800000000000000e+04
5.892000000000000000e+03
1.474300000000000000e+04
2.041500000000000000e+04
1.107000000000000000e+04
1.662100000000000000e+04
1.782900000000000000e+04
4.795000000000000000e+04
1.872200000000000000e+04
1.101800000000000000e+04
2.852000000000000000e+03
1.676500000000000000e+04
5.962000000000000000e+03
2.041000000000000000e+04
1.675000000000000000e+04
4.315800000000000000e+04
1.855500000000000000e+04
1.073100000000000000e+04
1.551600000000000000e+04
3.876000000000000000e+03
2.945600000000000000e+04
1.555900000000000000e+04
3.465400000000000000e+04
3.656000000000000000e+03
3.770500000000000000e+04
1.287200000000000000e+04
2.922700000000000000e+04
3.746500000000000000e+04
8.113000000000000000e+03
3.092100000000000000e+04
2.434000000000000000e+03
1.691600000000000000e+04
1.894900000000000000e+04
3.172900000000000000e+04
2.753500000000000000e+04
1.818900000000000000e+04
1.785900000000000000e+04
2.286000000000000000e+04
2.969000000000000000e+03
5.373600000000000000e+04
5.312700000000000000e+04
5.473400000000000000e+04
1.262900000000000000e+04
5.103700000000000000e+04
1.867100000000000000e+04
3.873000000000000000e+03
1.168200000000000000e+04
1.516100000000000000e+04
1.706100000000000000e+04
3.777000000000000000e+04
1.416800000000000000e+04
2.444900000000000000e+04
3.694000000000000000e+03
2.088600000000000000e+04
1.298500000000000000e+04
5.332000000000000000e+04
6.420000000000000000e+03
2.187200000000000000e+04
1.221900000000000000e+04
4.639300000000000000e+04
1.889600000000000000e+04
2.431300000000000000e+04
4.929100000000000000e+04
1.681300000000000000e+04
4.725000000000000000e+03
3.038300000000000000e+04
3.217000000000000000e+03
2.799100000000000000e+04
7.947000000000000000e+03
1.777000000000000000e+04
1.364300000000000000e+04
4.618400000000000000e+04
7.799000000000000000e+03
4.471100000000000000e+04
1.636300000000000000e+04
1.142500000000000000e+04
3.194900000000000000e+04
3.132200000000000000e+04
1.935100000000000000e+04
4.066500000000000000e+04
1.679500000000000000e+04
1.323800000000000000e+04
2.112900000000000000e+04
3.365000000000000000e+03
5.242000000000000000e+04
5.793000000000000000e+04
3.904100000000000000e+04
4.030600000000000000e+04
2.352400000000000000e+04
5.157600000000000000e+04
2.145200000000000000e+04
2.806800000000000000e+04
6.271000000000000000e+03
1.555200000000000000e+04
3.420600000000000000e+04
2.392300000000000000e+04
2.913800000000000000e+04
2.882800000000000000e+04
8.525000000000000000e+03
4.417000000000000000e+04
4.982800000000000000e+04
5.527000000000000000e+03
5.542000000000000000e+03
5.012000000000000000e+04
2.229500000000000000e+04
3.356000000000000000e+03
4.213900000000000000e+04
1.045700000000000000e+04
4.655200000000000000e+04
4.437100000000000000e+04
4.566100000000000000e+04
2.808100000000000000e+04
2.323800000000000000e+04
5.876000000000000000e+03
4.571000000000000000e+04
6.270000000000000000e+03
1.867300000000000000e+04
2.033200000000000000e+04
4.831700000000000000e+04
2.040000000000000000e+04
5.003200000000000000e+04
1.663400000000000000e+04
3.300000000000000000e+01
2.207900000000000000e+04
4.169000000000000000e+04
4.396600000000000000e+04
7.963000000000000000e+03
4.569400000000000000e+04
4.873500000000000000e+04
2.989000000000000000e+03
4.462800000000000000e+04
1.778300000000000000e+04
3.211200000000000000e+04
5.919000000000000000e+03
5.368700000000000000e+04
2.925800000000000000e+04
2.829900000000000000e+04
3.143900000000000000e+04
5.580000000000000000e+04
1.694300000000000000e+04
3.460200000000000000e+04
5.508500000000000000e+04
4.975200000000000000e+04
4.435000000000000000e+03
2.064900000000000000e+04
4.249100000000000000e+04
4.396800000000000000e+04
4.158200000000000000e+04
9.676000000000000000e+03
4.449000000000000000e+04
4.011900000000000000e+04
1.394800000000000000e+04
5.148700000000000000e+04
3.698000000000000000e+03
4.178200000000000000e+04
5.610000000000000000e+02
1.661500000000000000e+04
2.230800000000000000e+04
4.372500000000000000e+04
3.749000000000000000e+03
4.321500000000000000e+04
5.783600000000000000e+04
3.978800000000000000e+04
2.484900000000000000e+04
5.482600000000000000e+04
9.580000000000000000e+03
1.701000000000000000e+04
4.607700000000000000e+04
6.025700000000000000e+04
4.413600000000000000e+04
3.383400000000000000e+04
2.696000000000000000e+04
8.265000000000000000e+03
2.970300000000000000e+04
5.439600000000000000e+04
5.550700000000000000e+04
7.763000000000000000e+03
1.656600000000000000e+04
3.394000000000000000e+03
5.146700000000000000e+04
5.818100000000000000e+04
4.741000000000000000e+04
3.206600000000000000e+04
4.580400000000000000e+04
5.614400000000000000e+04
2.880000000000000000e+04
4.254000000000000000e+04
5.378200000000000000e+04
4.090000000000000000e+04
2.127000000000000000e+04
3.552000000000000000e+03
1.562700000000000000e+04
4.743100000000000000e+04
1.390200000000000000e+04
5.063500000000000000e+04
1.668500000000000000e+04
2.053900000000000000e+04
4.828100000000000000e+04
2.641200000000000000e+04
5.560500000000000000e+04
5.063100000000000000e+04
2.265200000000000000e+04
5.423500000000000000e+04
3.955400000000000000e+04
3.841300000000000000e+04
1.782100000000000000e+04
3.349000000000000000e+04
1.290000000000000000e+04
2.739900000000000000e+04
3.624200000000000000e+04
1.529000000000000000e+03
2.905100000000000000e+04
3.396400000000000000e+04
1.160300000000000000e+04
5.028000000000000000e+03
5.073900000000000000e+04
2.669700000000000000e+04
2.102400000000000000e+04
5.148500000000000000e+04
4.936700000000000000e+04
3.713000000000000000e+03
4.932700000000000000e+04
2.161900000000000000e+04
2.936000000000000000e+03
4.469300000000000000e+04
5.248000000000000000e+04
9.595000000000000000e+03
1.418400000000000000e+04
7.476000000000000000e+03
1.079400000000000000e+04
1.242100000000000000e+04
4.165400000000000000e+04
5.175000000000000000e+04
2.292200000000000000e+04
2.728200000000000000e+04
3.343900000000000000e+04
3.506500000000000000e+04
3.388800000000000000e+04
1.011800000000000000e+04
2.681500000000000000e+04
1.819700000000000000e+04
3.083800000000000000e+04
3.693000000000000000e+03
7.792000000000000000e+03
2.099700000000000000e+04
1.045600000000000000e+04
3.729100000000000000e+04
5.696800000000000000e+04
1.545500000000000000e+04
3.386800000000000000e+04
9.565000000000000000e+03
4.825000000000000000e+03
4.794800000000000000e+04
4.178100000000000000e+04
2.108000000000000000e+03
1.641900000000000000e+04
3.382800000000000000e+04
3.751000000000000000e+03
4.414900000000000000e+04
3.743600000000000000e+04
6.501000000000000000e+03
5.593400000000000000e+04
1.380200000000000000e+04
2.308900000000000000e+04
1.247900000000000000e+04
2.423500000000000000e+04
3.932600000000000000e+04
4.435400000000000000e+04
4.395400000000000000e+04
3.960800000000000000e+04
8.839000000000000000e+03
3.718000000000000000e+03
3.573000000000000000e+03
4.619700000000000000e+04
2.265800000000000000e+04
7.082000000000000000e+03
3.966100000000000000e+04
5.062300000000000000e+04
2.990000000000000000e+03
3.911200000000000000e+04
4.892400000000000000e+04
2.518700000000000000e+04
2.818200000000000000e+04
1.821200000000000000e+04
2.539100000000000000e+04
3.234000000000000000e+03
5.074700000000000000e+04
5.007500000000000000e+04
1.819100000000000000e+04
1.395300000000000000e+04
4.401700000000000000e+04
1.068500000000000000e+04
1.881400000000000000e+04
5.117800000000000000e+04
1.181700000000000000e+04
3.024300000000000000e+04
5.330300000000000000e+04
5.063400000000000000e+04
2.307900000000000000e+04
6.006000000000000000e+03
3.744700000000000000e+04
3.696600000000000000e+04
4.348100000000000000e+04
2.292000000000000000e+03
4.469100000000000000e+04
3.969000000000000000e+04
3.406500000000000000e+04
4.254000000000000000e+03
3.672600000000000000e+04
3.885000000000000000e+03
1.729600000000000000e+04
2.907900000000000000e+04
1.543300000000000000e+04
3.242800000000000000e+04
1.651500000000000000e+04
1.693400000000000000e+04
1.894500000000000000e+04
3.876300000000000000e+04
4.258000000000000000e+03
5.486900000000000000e+04
3.468100000000000000e+04
1.301900000000000000e+04
2.396900000000000000e+04
1.300500000000000000e+04
4.890800000000000000e+04
3.965900000000000000e+04
8.656000000000000000e+03
3.695200000000000000e+04
5.584100000000000000e+04
5.580200000000000000e+04
4.785500000000000000e+04
3.735900000000000000e+04
5.463800000000000000e+04
4.090800000000000000e+04
4.472500000000000000e+04
3.246200000000000000e+04
2.104000000000000000e+03
5.006500000000000000e+04
3.143200000000000000e+04
1.140000000000000000e+04
2.267700000000000000e+04
1.922500000000000000e+04
1.977100000000000000e+04
3.174000000000000000e+04
2.016900000000000000e+04
3.802400000000000000e+04
4.263700000000000000e+04
4.962700000000000000e+04
4.782700000000000000e+04
4.321000000000000000e+04
1.310000000000000000e+02
3.914600000000000000e+04
4.435800000000000000e+04
5.190200000000000000e+04
1.084300000000000000e+04
4.078200000000000000e+04
7.505000000000000000e+03
5.807600000000000000e+04
1.840400000000000000e+04
1.781900000000000000e+04
8.728000000000000000e+03
4.682500000000000000e+04
5.605600000000000000e+04
3.306200000000000000e+04
1.012300000000000000e+04
7.992000000000000000e+03
1.298400000000000000e+04
5.585100000000000000e+04
2.293900000000000000e+04
4.377000000000000000e+04
5.145700000000000000e+04
2.512800000000000000e+04
4.608500000000000000e+04
1.820300000000000000e+04
1.415500000000000000e+04
4.329000000000000000e+03
4.443400000000000000e+04
3.296000000000000000e+03
2.678300000000000000e+04
4.830500000000000000e+04
1.541700000000000000e+04
4.539200000000000000e+04
4.429900000000000000e+04
8.730000000000000000e+03
4.478700000000000000e+04
5.270800000000000000e+04
2.344400000000000000e+04
1.399400000000000000e+04
3.907600000000000000e+04
4.468400000000000000e+04
8.831000000000000000e+03
1.879500000000000000e+04
3.923900000000000000e+04
1.311200000000000000e+04
2.959400000000000000e+04
1.198900000000000000e+04
2.099800000000000000e+04
4.967300000000000000e+04
4.873600000000000000e+04
2.041200000000000000e+04
5.534000000000000000e+03
5.148800000000000000e+04
4.938300000000000000e+04
8.149000000000000000e+03
3.348700000000000000e+04
2.984000000000000000e+03
5.430700000000000000e+04
2.039100000000000000e+04
4.796200000000000000e+04
1.304200000000000000e+04
1.912000000000000000e+03
3.825100000000000000e+04
4.253100000000000000e+04
5.660700000000000000e+04
5.060000000000000000e+03
4.800100000000000000e+04
4.878200000000000000e+04
2.109000000000000000e+03
4.749000000000000000e+04
5.446300000000000000e+04
3.706300000000000000e+04
2.285900000000000000e+04
1.275200000000000000e+04
2.882600000000000000e+04
2.387000000000000000e+03
4.294600000000000000e+04
2.804100000000000000e+04
1.728300000000000000e+04
5.081000000000000000e+03
2.954000000000000000e+03
4.483400000000000000e+04
3.054200000000000000e+04
3.974500000000000000e+04
5.044500000000000000e+04
2.543200000000000000e+04
2.963900000000000000e+04
4.600600000000000000e+04
4.498000000000000000e+04
2.438900000000000000e+04
4.095500000000000000e+04
1.806700000000000000e+04
5.671000000000000000e+04
2.095000000000000000e+03
2.089600000000000000e+04
5.697200000000000000e+04
3.227500000000000000e+04
1.617200000000000000e+04
4.697300000000000000e+04
4.165600000000000000e+04
4.799200000000000000e+04
1.759800000000000000e+04
4.214000000000000000e+03
5.544600000000000000e+04
1.170100000000000000e+04
3.235000000000000000e+03
5.266000000000000000e+03
3.344600000000000000e+04
4.789900000000000000e+04
4.961700000000000000e+04
5.643000000000000000e+03
2.821200000000000000e+04
1.041600000000000000e+04
1.669800000000000000e+04
4.393400000000000000e+04
4.362400000000000000e+04
2.544000000000000000e+04
5.064100000000000000e+04
3.655000000000000000e+03
3.233400000000000000e+04
1.235200000000000000e+04
2.733200000000000000e+04
5.389200000000000000e+04
5.584500000000000000e+04
4.678300000000000000e+04
1.476600000000000000e+04
7.800000000000000000e+03
4.314600000000000000e+04
4.875700000000000000e+04
2.187700000000000000e+04
1.062400000000000000e+04
8.834000000000000000e+03
5.550300000000000000e+04
2.138900000000000000e+04
1.885000000000000000e+04
5.066200000000000000e+04
3.617000000000000000e+03
4.285100000000000000e+04
3.048700000000000000e+04
3.287000000000000000e+03
5.558300000000000000e+04
3.238300000000000000e+04
5.806200000000000000e+04
2.596000000000000000e+03
1.859500000000000000e+04
5.466400000000000000e+04
4.314100000000000000e+04
4.792300000000000000e+04
3.368100000000000000e+04
2.335000000000000000e+04
4.418800000000000000e+04
1.671300000000000000e+04
3.842300000000000000e+04
1.765900000000000000e+04
4.432900000000000000e+04
7.735000000000000000e+03
1.224400000000000000e+04
4.165700000000000000e+04
1.950900000000000000e+04
1.693900000000000000e+04
8.830000000000000000e+03
6.040000000000000000e+02
3.451900000000000000e+04
1.012800000000000000e+04
3.909700000000000000e+04
4.071900000000000000e+04
2.767800000000000000e+04
3.459900000000000000e+04
3.222100000000000000e+04
3.183300000000000000e+04
1.552800000000000000e+04
5.452900000000000000e+04
1.289900000000000000e+04
1.291100000000000000e+04
2.912200000000000000e+04
4.760900000000000000e+04
1.656700000000000000e+04
4.892300000000000000e+04
4.153800000000000000e+04
4.688600000000000000e+04
4.570900000000000000e+04
1.767000000000000000e+03
1.681200000000000000e+04
2.292900000000000000e+04
7.445000000000000000e+03
5.830400000000000000e+04
4.396900000000000000e+04
2.740400000000000000e+04
4.471800000000000000e+04
1.857600000000000000e+04
4.795200000000000000e+04
3.640000000000000000e+02
3.605000000000000000e+03
1.542300000000000000e+04
4.430800000000000000e+04
9.531000000000000000e+03
2.122600000000000000e+04
1.428400000000000000e+04
1.363400000000000000e+04
1.745500000000000000e+04
5.375600000000000000e+04
1.482100000000000000e+04
4.153900000000000000e+04
4.881000000000000000e+04
3.696800000000000000e+04
2.112000000000000000e+03
4.979900000000000000e+04
7.789000000000000000e+03
8.988000000000000000e+03
5.548000000000000000e+03
3.452200000000000000e+04
7.869000000000000000e+03
8.825000000000000000e+03
4.956700000000000000e+04
4.209000000000000000e+04
3.977800000000000000e+04
3.000000000000000000e+03
1.690500000000000000e+04
1.807200000000000000e+04
8.600000000000000000e+01
1.247600000000000000e+04
2.910200000000000000e+04
2.284300000000000000e+04
1.482300000000000000e+04
5.544800000000000000e+04
2.096300000000000000e+04
3.660000000000000000e+02
3.019200000000000000e+04
9.611000000000000000e+03
4.312100000000000000e+04
2.977900000000000000e+04
8.704000000000000000e+03
1.108700000000000000e+04
2.246000000000000000e+03
5.126700000000000000e+04
1.668000000000000000e+04
5.773300000000000000e+04
1.279000000000000000e+04
3.674000000000000000e+03
3.800000000000000000e+03
1.129900000000000000e+04
1.985000000000000000e+03
5.666700000000000000e+04
5.278200000000000000e+04
3.996900000000000000e+04
1.667500000000000000e+04
4.157700000000000000e+04
3.838700000000000000e+04
1.439000000000000000e+04
3.735000000000000000e+03
2.263200000000000000e+04
4.092600000000000000e+04
5.190000000000000000e+02
3.482000000000000000e+04
3.145400000000000000e+04
3.376600000000000000e+04
4.889000000000000000e+04
4.094200000000000000e+04
2.225800000000000000e+04
7.441000000000000000e+03
4.186300000000000000e+04
7.153000000000000000e+03
3.695000000000000000e+03
5.323900000000000000e+04
2.662900000000000000e+04
4.759800000000000000e+04
7.809000000000000000e+03
1.655100000000000000e+04
6.046000000000000000e+03
3.400800000000000000e+04
1.290900000000000000e+04
5.535000000000000000e+04
3.001200000000000000e+04
4.348700000000000000e+04
5.050500000000000000e+04
4.730000000000000000e+03
5.059700000000000000e+04
2.809000000000000000e+04
3.048500000000000000e+04
1.279300000000000000e+04
1.671500000000000000e+04
2.574600000000000000e+04
2.457300000000000000e+04
3.720000000000000000e+03
4.079000000000000000e+03
3.150000000000000000e+03
3.633700000000000000e+04
2.067200000000000000e+04
4.957200000000000000e+04
4.433000000000000000e+03
4.965300000000000000e+04
2.284200000000000000e+04
4.812500000000000000e+04
2.083500000000000000e+04
4.263500000000000000e+04
4.315000000000000000e+04
4.218000000000000000e+03
4.924900000000000000e+04
7.638000000000000000e+03
1.155000000000000000e+03
1.660000000000000000e+03
4.744100000000000000e+04
2.098000000000000000e+03
3.669000000000000000e+03
5.555600000000000000e+04
4.168900000000000000e+04
1.084200000000000000e+04
4.004000000000000000e+03
1.657200000000000000e+04
4.093800000000000000e+04
1.349000000000000000e+03
2.891400000000000000e+04
1.503700000000000000e+04
4.191900000000000000e+04
2.565700000000000000e+04
4.941300000000000000e+04
4.020700000000000000e+04
4.569000000000000000e+04
3.315300000000000000e+04
3.155800000000000000e+04
1.686300000000000000e+04
3.020500000000000000e+04
4.690900000000000000e+04
1.167600000000000000e+04
5.452000000000000000e+04
3.909800000000000000e+04
5.743000000000000000e+04
4.787300000000000000e+04
1.532400000000000000e+04
4.076600000000000000e+04
3.910700000000000000e+04
2.036300000000000000e+04
5.786600000000000000e+04
3.974900000000000000e+04
4.446000000000000000e+03
3.231700000000000000e+04
4.958500000000000000e+04
4.689000000000000000e+03
1.318000000000000000e+03
5.363600000000000000e+04
5.773000000000000000e+04
2.303000000000000000e+04
8.350000000000000000e+02
2.397700000000000000e+04
2.520400000000000000e+04
3.731000000000000000e+03
4.320900000000000000e+04
4.163700000000000000e+04
3.093000000000000000e+04
7.475000000000000000e+03
1.476700000000000000e+04
3.025500000000000000e+04
1.667700000000000000e+04
5.621400000000000000e+04
2.264600000000000000e+04
4.854800000000000000e+04
4.627900000000000000e+04
3.353000000000000000e+03
4.046900000000000000e+04
2.805600000000000000e+04
5.439100000000000000e+04
4.410200000000000000e+04
2.162200000000000000e+04
3.039600000000000000e+04
4.419100000000000000e+04
3.368700000000000000e+04
2.994000000000000000e+03
3.321000000000000000e+03
1.416000000000000000e+04
5.224600000000000000e+04
4.311700000000000000e+04
3.845200000000000000e+04
5.009000000000000000e+03
2.285000000000000000e+03
3.629000000000000000e+03
4.870000000000000000e+02
3.228600000000000000e+04
1.247800000000000000e+04
2.527800000000000000e+04
1.096200000000000000e+04
4.720800000000000000e+04
3.310500000000000000e+04
8.225000000000000000e+03
4.416700000000000000e+04
4.620200000000000000e+04
3.398600000000000000e+04
1.161600000000000000e+04
3.395900000000000000e+04
4.375700000000000000e+04
3.571000000000000000e+03
1.904200000000000000e+04
2.537400000000000000e+04
4.794900000000000000e+04
3.556000000000000000e+03
4.794600000000000000e+04
3.856900000000000000e+04
3.401000000000000000e+04
7.605000000000000000e+03
4.418100000000000000e+04
5.895000000000000000e+03
1.885100000000000000e+04
1.190900000000000000e+04
4.743900000000000000e+04
8.098000000000000000e+03
3.757500000000000000e+04
3.435600000000000000e+04
3.013000000000000000e+04
1.890700000000000000e+04
3.724000000000000000e+03
4.943800000000000000e+04
2.752100000000000000e+04
9.439000000000000000e+03
5.611200000000000000e+04
4.456000000000000000e+04
5.442000000000000000e+04
4.092100000000000000e+04
2.169200000000000000e+04
3.385300000000000000e+04
5.844400000000000000e+04
1.677900000000000000e+04
7.468000000000000000e+03
1.545200000000000000e+04
8.109000000000000000e+03
4.095200000000000000e+04
4.610000000000000000e+04
2.825300000000000000e+04
4.321600000000000000e+04
5.501500000000000000e+04
4.561000000000000000e+04
8.360000000000000000e+02
2.541100000000000000e+04
1.524600000000000000e+04
2.803800000000000000e+04
1.537000000000000000e+03
2.393900000000000000e+04
9.185000000000000000e+03
3.935800000000000000e+04
5.556600000000000000e+04
1.708800000000000000e+04
2.733900000000000000e+04
5.114500000000000000e+04
7.791000000000000000e+03
1.668800000000000000e+04
1.108500000000000000e+04
