8.295000000000000000e+03
8.940000000000000000e+03
1.764000000000000000e+03
5.744000000000000000e+03
9.394000000000000000e+03
3.182000000000000000e+03
1.564000000000000000e+04
1.394300000000000000e+04
3.742000000000000000e+03
1.991000000000000000e+04
1.011100000000000000e+04
1.142400000000000000e+04
1.280200000000000000e+04
2.457500000000000000e+04
2.539500000000000000e+04
2.400700000000000000e+04
9.807000000000000000e+03
1.241500000000000000e+04
2.128700000000000000e+04
7.761000000000000000e+03
2.363700000000000000e+04
2.671900000000000000e+04
2.108100000000000000e+04
1.705400000000000000e+04
8.824000000000000000e+03
2.099000000000000000e+04
1.395400000000000000e+04
7.870000000000000000e+02
1.843100000000000000e+04
1.392400000000000000e+04
1.755000000000000000e+04
2.461200000000000000e+04
9.163000000000000000e+03
2.609000000000000000e+04
1.414500000000000000e+04
2.105000000000000000e+03
2.230700000000000000e+04
1.290400000000000000e+04
1.838200000000000000e+04
1.417100000000000000e+04
1.056700000000000000e+04
1.772400000000000000e+04
2.104600000000000000e+04
1.767800000000000000e+04
8.454000000000000000e+03
8.558000000000000000e+03
1.785000000000000000e+03
9.962000000000000000e+03
1.912500000000000000e+04
2.424500000000000000e+04
1.140700000000000000e+04
1.911700000000000000e+04
1.867200000000000000e+04
1.056600000000000000e+04
2.652100000000000000e+04
1.740900000000000000e+04
1.911900000000000000e+04
5.143000000000000000e+03
1.310900000000000000e+04
1.845000000000000000e+03
1.687000000000000000e+04
1.217600000000000000e+04
2.045700000000000000e+04
1.687900000000000000e+04
8.963000000000000000e+03
5.813000000000000000e+03
2.931000000000000000e+03
9.800000000000000000e+01
6.297000000000000000e+03
9.470000000000000000e+02
2.461700000000000000e+04
2.085600000000000000e+04
6.580000000000000000e+03
4.030000000000000000e+03
2.652400000000000000e+04
6.483000000000000000e+03
2.306200000000000000e+04
1.096400000000000000e+04
1.582000000000000000e+04
1.727600000000000000e+04
1.164400000000000000e+04
2.211100000000000000e+04
2.432600000000000000e+04
1.416400000000000000e+04
2.399600000000000000e+04
2.537000000000000000e+04
3.272000000000000000e+03
1.157800000000000000e+04
1.770000000000000000e+03
2.556900000000000000e+04
2.060600000000000000e+04
2.366000000000000000e+03
1.214200000000000000e+04
2.046400000000000000e+04
2.539200000000000000e+04
1.480400000000000000e+04
1.989500000000000000e+04
1.600200000000000000e+04
2.388000000000000000e+03
2.608900000000000000e+04
3.173000000000000000e+03
6.191000000000000000e+03
2.017000000000000000e+04
2.628100000000000000e+04
2.321000000000000000e+04
1.076000000000000000e+03
2.461300000000000000e+04
1.731300000000000000e+04
1.794200000000000000e+04
3.323000000000000000e+03
1.732600000000000000e+04
2.636700000000000000e+04
2.122800000000000000e+04
2.604400000000000000e+04
1.489600000000000000e+04
1.326700000000000000e+04
2.480400000000000000e+04
2.403900000000000000e+04
3.284000000000000000e+03
3.002000000000000000e+03
2.482300000000000000e+04
4.141000000000000000e+03
1.517200000000000000e+04
2.049900000000000000e+04
9.893000000000000000e+03
1.607400000000000000e+04
1.155800000000000000e+04
1.178900000000000000e+04
8.276000000000000000e+03
7.894000000000000000e+03
2.041000000000000000e+04
7.650000000000000000e+03
3.038000000000000000e+03
6.310000000000000000e+03
2.150400000000000000e+04
1.935400000000000000e+04
2.379400000000000000e+04
1.300300000000000000e+04
2.267000000000000000e+04
9.397000000000000000e+03
4.660000000000000000e+02
2.376000000000000000e+03
1.676100000000000000e+04
1.521700000000000000e+04
1.611400000000000000e+04
2.621400000000000000e+04
2.212800000000000000e+04
1.928000000000000000e+03
2.039900000000000000e+04
1.289800000000000000e+04
3.971000000000000000e+03
7.230000000000000000e+03
7.738000000000000000e+03
1.109600000000000000e+04
2.081000000000000000e+03
1.776000000000000000e+03
6.835000000000000000e+03
2.126000000000000000e+04
5.700000000000000000e+02
9.540000000000000000e+02
2.231800000000000000e+04
1.913300000000000000e+04
8.965000000000000000e+03
1.002000000000000000e+03
4.687000000000000000e+03
1.822000000000000000e+03
2.969000000000000000e+03
2.608400000000000000e+04
2.145700000000000000e+04
2.033100000000000000e+04
2.788800000000000000e+04
1.910000000000000000e+03
8.960000000000000000e+02
4.281000000000000000e+03
7.860000000000000000e+03
1.005700000000000000e+04
6.714000000000000000e+03
2.088200000000000000e+04
4.663000000000000000e+03
8.238000000000000000e+03
2.574600000000000000e+04
4.109000000000000000e+03
2.301400000000000000e+04
9.907000000000000000e+03
2.363400000000000000e+04
6.388000000000000000e+03
1.678600000000000000e+04
7.803000000000000000e+03
1.060500000000000000e+04
5.759000000000000000e+03
1.743000000000000000e+03
1.240000000000000000e+03
1.977400000000000000e+04
2.622900000000000000e+04
1.673300000000000000e+04
1.686100000000000000e+04
6.607000000000000000e+03
4.765000000000000000e+03
2.618400000000000000e+04
2.212700000000000000e+04
4.031000000000000000e+03
1.263200000000000000e+04
2.194300000000000000e+04
1.551000000000000000e+03
1.621600000000000000e+04
1.095000000000000000e+04
6.263000000000000000e+03
1.024200000000000000e+04
2.076500000000000000e+04
7.741000000000000000e+03
1.119200000000000000e+04
8.031000000000000000e+03
1.634600000000000000e+04
6.479000000000000000e+03
1.643600000000000000e+04
1.701500000000000000e+04
2.018000000000000000e+03
2.368900000000000000e+04
1.553100000000000000e+04
2.217300000000000000e+04
1.854500000000000000e+04
4.407000000000000000e+03
1.603800000000000000e+04
1.672000000000000000e+04
8.913000000000000000e+03
6.292000000000000000e+03
2.125000000000000000e+04
5.206000000000000000e+03
6.374000000000000000e+03
2.328500000000000000e+04
1.416700000000000000e+04
2.203700000000000000e+04
2.127800000000000000e+04
1.054000000000000000e+03
2.434800000000000000e+04
3.168000000000000000e+03
5.365000000000000000e+03
4.744000000000000000e+03
1.672500000000000000e+04
1.988700000000000000e+04
3.633000000000000000e+03
6.815000000000000000e+03
2.214000000000000000e+03
2.555100000000000000e+04
4.860000000000000000e+03
1.739900000000000000e+04
2.423400000000000000e+04
9.980000000000000000e+03
2.619600000000000000e+04
3.269000000000000000e+03
1.521800000000000000e+04
7.166000000000000000e+03
1.662800000000000000e+04
1.579300000000000000e+04
1.762000000000000000e+03
2.522000000000000000e+04
8.657000000000000000e+03
2.078000000000000000e+03
2.708300000000000000e+04
1.272600000000000000e+04
1.262100000000000000e+04
1.060400000000000000e+04
4.282000000000000000e+03
5.746000000000000000e+03
2.382700000000000000e+04
6.910000000000000000e+03
8.798000000000000000e+03
1.632900000000000000e+04
3.268000000000000000e+03
2.402500000000000000e+04
9.899000000000000000e+03
2.313100000000000000e+04
6.549000000000000000e+03
2.040000000000000000e+03
3.982000000000000000e+03
9.285000000000000000e+03
9.180000000000000000e+02
8.763000000000000000e+03
1.512500000000000000e+04
1.176100000000000000e+04
2.292600000000000000e+04
1.537900000000000000e+04
1.768000000000000000e+03
1.058500000000000000e+04
5.027000000000000000e+03
1.978000000000000000e+04
1.186700000000000000e+04
6.387000000000000000e+03
2.106800000000000000e+04
9.546000000000000000e+03
2.142100000000000000e+04
1.419300000000000000e+04
1.458200000000000000e+04
1.732100000000000000e+04
1.810200000000000000e+04
1.911600000000000000e+04
8.233000000000000000e+03
1.478700000000000000e+04
6.872000000000000000e+03
3.183000000000000000e+03
2.032900000000000000e+04
2.385000000000000000e+04
2.021100000000000000e+04
3.792000000000000000e+03
8.548000000000000000e+03
1.833100000000000000e+04
2.310500000000000000e+04
2.375200000000000000e+04
2.353000000000000000e+03
9.822000000000000000e+03
2.400300000000000000e+04
1.182800000000000000e+04
2.086200000000000000e+04
2.408000000000000000e+03
2.217400000000000000e+04
9.551000000000000000e+03
1.461800000000000000e+04
1.621200000000000000e+04
9.869000000000000000e+03
4.768000000000000000e+03
1.573700000000000000e+04
3.956000000000000000e+03
2.640900000000000000e+04
5.045000000000000000e+03
2.292400000000000000e+04
3.197000000000000000e+03
9.879000000000000000e+03
3.934000000000000000e+03
2.013500000000000000e+04
1.924000000000000000e+03
4.729000000000000000e+03
1.153000000000000000e+04
9.077000000000000000e+03
1.707400000000000000e+04
2.354100000000000000e+04
2.650000000000000000e+04
2.258400000000000000e+04
2.256800000000000000e+04
8.183000000000000000e+03
2.562700000000000000e+04
2.365600000000000000e+04
1.163200000000000000e+04
6.218000000000000000e+03
1.317900000000000000e+04
6.146000000000000000e+03
2.919000000000000000e+03
2.671400000000000000e+04
8.641000000000000000e+03
1.596100000000000000e+04
4.417000000000000000e+03
1.821000000000000000e+03
1.064100000000000000e+04
1.750000000000000000e+03
2.141600000000000000e+04
2.254500000000000000e+04
1.663800000000000000e+04
1.112700000000000000e+04
2.376000000000000000e+04
1.304000000000000000e+04
5.107000000000000000e+03
2.363300000000000000e+04
2.101000000000000000e+03
1.707200000000000000e+04
5.833000000000000000e+03
1.092400000000000000e+04
9.179000000000000000e+03
1.754500000000000000e+04
6.048000000000000000e+03
1.491800000000000000e+04
8.168000000000000000e+03
1.185500000000000000e+04
2.217000000000000000e+04
1.153200000000000000e+04
2.765000000000000000e+03
1.380600000000000000e+04
8.833000000000000000e+03
1.989900000000000000e+04
1.415900000000000000e+04
1.418400000000000000e+04
1.445400000000000000e+04
1.192400000000000000e+04
9.908000000000000000e+03
8.199000000000000000e+03
1.845000000000000000e+04
6.959000000000000000e+03
2.652500000000000000e+04
8.198000000000000000e+03
2.147700000000000000e+04
1.821900000000000000e+04
1.670100000000000000e+04
1.014000000000000000e+04
1.320000000000000000e+04
2.071100000000000000e+04
2.751000000000000000e+03
2.532200000000000000e+04
1.308000000000000000e+03
1.898200000000000000e+04
1.489300000000000000e+04
1.987600000000000000e+04
5.683000000000000000e+03
1.190600000000000000e+04
2.068000000000000000e+03
6.550000000000000000e+02
1.075100000000000000e+04
1.595200000000000000e+04
2.711100000000000000e+04
2.279900000000000000e+04
2.270500000000000000e+04
2.618100000000000000e+04
1.131800000000000000e+04
1.754900000000000000e+04
4.719000000000000000e+03
1.716900000000000000e+04
6.828000000000000000e+03
1.056800000000000000e+04
1.386500000000000000e+04
6.274000000000000000e+03
1.622200000000000000e+04
4.783000000000000000e+03
6.653000000000000000e+03
5.200000000000000000e+01
9.583000000000000000e+03
1.154100000000000000e+04
4.041000000000000000e+03
9.389000000000000000e+03
5.006000000000000000e+03
3.130000000000000000e+02
2.322100000000000000e+04
2.215600000000000000e+04
2.337600000000000000e+04
2.363100000000000000e+04
9.873000000000000000e+03
4.840000000000000000e+02
2.335700000000000000e+04
2.124600000000000000e+04
2.461600000000000000e+04
1.022300000000000000e+04
9.686000000000000000e+03
2.618000000000000000e+04
2.644700000000000000e+04
6.430000000000000000e+02
2.528400000000000000e+04
2.342200000000000000e+04
1.763000000000000000e+03
2.539300000000000000e+04
2.330400000000000000e+04
1.383200000000000000e+04
2.198200000000000000e+04
2.831000000000000000e+03
6.574000000000000000e+03
5.381000000000000000e+03
1.633000000000000000e+03
9.745000000000000000e+03
3.294000000000000000e+03
1.606100000000000000e+04
1.381800000000000000e+04
2.294300000000000000e+04
3.603000000000000000e+03
2.556300000000000000e+04
2.363800000000000000e+04
1.979000000000000000e+04
1.274200000000000000e+04
2.635500000000000000e+04
2.705400000000000000e+04
6.542000000000000000e+03
3.257000000000000000e+03
2.062500000000000000e+04
1.595400000000000000e+04
2.269200000000000000e+04
8.193000000000000000e+03
9.544000000000000000e+03
6.186000000000000000e+03
1.086900000000000000e+04
2.432000000000000000e+03
2.119900000000000000e+04
1.272800000000000000e+04
1.934000000000000000e+03
1.512100000000000000e+04
1.414600000000000000e+04
8.746000000000000000e+03
8.460000000000000000e+02
1.247700000000000000e+04
2.290400000000000000e+04
2.622000000000000000e+03
2.074500000000000000e+04
5.675000000000000000e+03
2.312900000000000000e+04
1.242700000000000000e+04
2.125000000000000000e+03
2.137500000000000000e+04
4.760000000000000000e+02
1.260000000000000000e+03
1.848000000000000000e+03
1.734700000000000000e+04
1.258600000000000000e+04
1.315900000000000000e+04
1.354600000000000000e+04
2.124000000000000000e+04
2.453900000000000000e+04
1.617000000000000000e+04
1.489200000000000000e+04
2.066000000000000000e+03
2.384000000000000000e+04
8.179000000000000000e+03
2.354000000000000000e+04
6.909000000000000000e+03
1.663700000000000000e+04
9.882000000000000000e+03
1.387200000000000000e+04
8.659000000000000000e+03
1.989100000000000000e+04
1.125200000000000000e+04
4.597000000000000000e+03
1.709400000000000000e+04
2.308300000000000000e+04
1.174900000000000000e+04
1.769000000000000000e+03
1.422600000000000000e+04
2.428100000000000000e+04
2.258300000000000000e+04
1.736000000000000000e+03
1.046700000000000000e+04
1.639700000000000000e+04
2.657900000000000000e+04
7.017000000000000000e+03
2.518700000000000000e+04
7.904000000000000000e+03
8.200000000000000000e+03
1.249500000000000000e+04
3.192000000000000000e+03
1.730900000000000000e+04
1.854900000000000000e+04
1.609200000000000000e+04
2.015700000000000000e+04
1.753800000000000000e+04
4.002000000000000000e+03
9.297000000000000000e+03
1.843000000000000000e+03
2.087400000000000000e+04
1.029700000000000000e+04
1.379500000000000000e+04
1.929300000000000000e+04
1.376000000000000000e+03
6.054000000000000000e+03
2.297200000000000000e+04
3.806000000000000000e+03
7.746000000000000000e+03
5.036000000000000000e+03
9.395000000000000000e+03
8.424000000000000000e+03
2.223300000000000000e+04
1.759800000000000000e+04
1.678700000000000000e+04
9.806000000000000000e+03
1.574400000000000000e+04
4.730000000000000000e+03
6.690000000000000000e+02
1.675400000000000000e+04
5.156000000000000000e+03
1.617100000000000000e+04
2.045800000000000000e+04
1.519400000000000000e+04
1.798000000000000000e+03
2.647300000000000000e+04
2.123100000000000000e+04
1.885700000000000000e+04
1.552900000000000000e+04
6.008000000000000000e+03
1.272900000000000000e+04
3.638000000000000000e+03
1.591700000000000000e+04
7.944000000000000000e+03
2.529100000000000000e+04
3.853000000000000000e+03
1.728000000000000000e+03
2.127100000000000000e+04
1.422900000000000000e+04
9.768000000000000000e+03
8.696000000000000000e+03
2.593100000000000000e+04
1.386700000000000000e+04
2.143900000000000000e+04
3.177000000000000000e+03
2.522000000000000000e+03
2.718000000000000000e+03
2.129500000000000000e+04
2.292300000000000000e+04
2.211700000000000000e+04
1.784000000000000000e+03
1.676000000000000000e+04
1.183300000000000000e+04
1.055500000000000000e+04
1.377700000000000000e+04
1.270000000000000000e+04
9.863000000000000000e+03
1.623600000000000000e+04
4.899000000000000000e+03
5.239000000000000000e+03
4.742000000000000000e+03
1.610500000000000000e+04
1.988000000000000000e+04
2.040200000000000000e+04
5.028000000000000000e+03
2.108200000000000000e+04
2.119000000000000000e+04
1.848400000000000000e+04
2.346000000000000000e+03
2.541200000000000000e+04
1.761000000000000000e+03
1.708600000000000000e+04
1.144900000000000000e+04
1.316400000000000000e+04
1.710100000000000000e+04
2.037700000000000000e+04
2.006600000000000000e+04
2.672200000000000000e+04
1.383300000000000000e+04
9.916000000000000000e+03
3.212000000000000000e+03
6.818000000000000000e+03
2.257500000000000000e+04
2.632200000000000000e+04
8.899000000000000000e+03
5.260000000000000000e+03
1.411500000000000000e+04
1.988800000000000000e+04
1.740000000000000000e+03
1.183200000000000000e+04
2.340500000000000000e+04
1.850000000000000000e+03
1.612400000000000000e+04
2.276800000000000000e+04
1.698600000000000000e+04
2.058700000000000000e+04
2.433000000000000000e+04
2.835000000000000000e+03
1.076300000000000000e+04
1.387800000000000000e+04
1.968700000000000000e+04
1.684800000000000000e+04
2.170000000000000000e+03
1.318300000000000000e+04
2.357100000000000000e+04
1.855000000000000000e+04
2.167500000000000000e+04
6.823000000000000000e+03
1.764200000000000000e+04
1.574600000000000000e+04
2.442900000000000000e+04
2.480500000000000000e+04
2.386300000000000000e+04
1.164200000000000000e+04
2.288300000000000000e+04
1.249400000000000000e+04
9.836000000000000000e+03
1.808400000000000000e+04
1.115600000000000000e+04
2.176100000000000000e+04
1.897700000000000000e+04
1.849000000000000000e+03
1.958100000000000000e+04
5.201000000000000000e+03
2.028500000000000000e+04
1.363800000000000000e+04
8.961000000000000000e+03
1.503300000000000000e+04
1.898600000000000000e+04
1.077600000000000000e+04
2.124200000000000000e+04
5.835000000000000000e+03
2.336600000000000000e+04
1.944100000000000000e+04
2.568500000000000000e+04
6.981000000000000000e+03
1.372000000000000000e+03
5.804000000000000000e+03
1.831000000000000000e+03
5.413000000000000000e+03
1.820200000000000000e+04
2.068400000000000000e+04
2.041500000000000000e+04
1.095800000000000000e+04
0.000000000000000000e+00
2.046100000000000000e+04
2.363200000000000000e+04
6.596000000000000000e+03
2.666000000000000000e+03
2.118800000000000000e+04
5.873000000000000000e+03
2.657400000000000000e+04
9.785000000000000000e+03
7.637000000000000000e+03
1.741000000000000000e+03
1.852000000000000000e+03
1.603600000000000000e+04
1.896800000000000000e+04
1.102800000000000000e+04
1.433500000000000000e+04
2.578000000000000000e+03
5.173000000000000000e+03
1.165000000000000000e+03
6.866000000000000000e+03
1.721100000000000000e+04
1.783900000000000000e+04
4.284000000000000000e+03
2.403800000000000000e+04
1.684400000000000000e+04
2.118100000000000000e+04
1.670000000000000000e+04
6.881000000000000000e+03
3.215000000000000000e+03
1.857000000000000000e+03
2.144300000000000000e+04
3.790000000000000000e+02
2.244600000000000000e+04
2.456300000000000000e+04
7.384000000000000000e+03
4.739000000000000000e+03
1.387400000000000000e+04
2.532300000000000000e+04
7.353000000000000000e+03
2.671500000000000000e+04
1.018400000000000000e+04
2.354700000000000000e+04
1.851000000000000000e+03
3.959000000000000000e+03
1.810500000000000000e+04
6.957000000000000000e+03
6.192000000000000000e+03
2.071000000000000000e+03
2.592000000000000000e+04
5.158000000000000000e+03
1.260800000000000000e+04
1.812000000000000000e+04
8.562000000000000000e+03
1.147100000000000000e+04
1.269600000000000000e+04
1.225700000000000000e+04
8.766000000000000000e+03
2.199800000000000000e+04
2.641200000000000000e+04
2.543900000000000000e+04
1.183600000000000000e+04
3.868000000000000000e+03
1.727800000000000000e+04
2.032500000000000000e+04
1.774000000000000000e+03
2.153600000000000000e+04
1.191400000000000000e+04
2.663000000000000000e+03
9.510000000000000000e+02
4.078000000000000000e+03
1.953500000000000000e+04
1.923500000000000000e+04
2.331600000000000000e+04
6.825000000000000000e+03
2.482600000000000000e+04
2.243000000000000000e+04
1.249000000000000000e+03
2.389000000000000000e+03
2.320600000000000000e+04
1.558000000000000000e+04
2.562400000000000000e+04
2.573200000000000000e+04
8.874000000000000000e+03
2.265300000000000000e+04
8.140000000000000000e+02
1.987000000000000000e+03
4.384000000000000000e+03
2.210800000000000000e+04
1.336300000000000000e+04
2.099000000000000000e+03
1.084200000000000000e+04
1.174100000000000000e+04
9.840000000000000000e+02
6.305000000000000000e+03
2.135200000000000000e+04
1.236200000000000000e+04
2.472900000000000000e+04
1.981800000000000000e+04
2.519300000000000000e+04
1.597400000000000000e+04
1.413700000000000000e+04
1.582400000000000000e+04
9.438000000000000000e+03
2.286500000000000000e+04
1.195700000000000000e+04
2.374600000000000000e+04
1.491200000000000000e+04
1.429000000000000000e+03
1.448200000000000000e+04
1.979200000000000000e+04
1.547000000000000000e+04
8.029000000000000000e+03
2.043000000000000000e+04
5.043000000000000000e+03
7.592000000000000000e+03
1.046400000000000000e+04
1.529200000000000000e+04
2.221800000000000000e+04
6.833000000000000000e+03
1.890500000000000000e+04
7.512000000000000000e+03
2.041400000000000000e+04
2.609300000000000000e+04
4.659000000000000000e+03
8.835000000000000000e+03
2.669500000000000000e+04
2.194100000000000000e+04
1.197600000000000000e+04
6.480000000000000000e+03
1.139500000000000000e+04
1.839000000000000000e+03
1.162700000000000000e+04
1.727200000000000000e+04
7.076000000000000000e+03
2.135500000000000000e+04
1.541000000000000000e+04
2.208600000000000000e+04
2.422300000000000000e+04
9.875000000000000000e+03
1.265000000000000000e+04
1.030700000000000000e+04
1.399900000000000000e+04
4.848000000000000000e+03
2.475700000000000000e+04
4.112000000000000000e+03
1.446100000000000000e+04
1.835000000000000000e+04
1.677500000000000000e+04
1.494300000000000000e+04
1.917000000000000000e+04
5.148000000000000000e+03
7.190000000000000000e+02
3.199000000000000000e+03
1.243300000000000000e+04
2.095000000000000000e+03
2.666700000000000000e+04
2.524000000000000000e+04
1.388200000000000000e+04
2.365700000000000000e+04
2.336100000000000000e+04
6.304000000000000000e+03
5.997000000000000000e+03
4.595000000000000000e+03
6.869000000000000000e+03
8.280000000000000000e+02
1.914200000000000000e+04
2.129700000000000000e+04
2.153000000000000000e+04
9.341000000000000000e+03
1.559700000000000000e+04
1.597500000000000000e+04
1.174300000000000000e+04
2.505200000000000000e+04
2.060200000000000000e+04
1.987700000000000000e+04
6.792000000000000000e+03
1.096000000000000000e+04
5.198000000000000000e+03
1.844000000000000000e+03
1.704900000000000000e+04
7.748000000000000000e+03
2.059900000000000000e+04
2.367600000000000000e+04
1.941000000000000000e+04
1.844400000000000000e+04
1.835000000000000000e+03
8.754000000000000000e+03
2.544700000000000000e+04
1.541900000000000000e+04
1.620000000000000000e+03
1.440800000000000000e+04
1.717300000000000000e+04
3.930000000000000000e+03
1.757000000000000000e+03
1.351500000000000000e+04
1.989700000000000000e+04
2.370400000000000000e+04
8.170000000000000000e+02
1.823000000000000000e+03
1.731900000000000000e+04
1.600900000000000000e+04
1.173400000000000000e+04
1.289600000000000000e+04
2.555600000000000000e+04
1.494200000000000000e+04
2.309300000000000000e+04
6.535000000000000000e+03
1.346200000000000000e+04
1.583000000000000000e+04
4.409000000000000000e+03
2.637100000000000000e+04
8.249000000000000000e+03
2.213000000000000000e+04
2.247800000000000000e+04
4.906000000000000000e+03
2.404000000000000000e+03
1.933700000000000000e+04
5.559000000000000000e+03
1.667000000000000000e+04
4.908000000000000000e+03
2.271300000000000000e+04
6.860000000000000000e+02
1.097600000000000000e+04
1.061000000000000000e+04
8.612000000000000000e+03
2.789600000000000000e+04
1.739800000000000000e+04
1.612000000000000000e+04
1.076000000000000000e+04
7.416000000000000000e+03
2.127600000000000000e+04
1.790000000000000000e+03
5.024000000000000000e+03
2.073800000000000000e+04
2.649900000000000000e+04
1.915000000000000000e+04
7.200000000000000000e+03
2.266500000000000000e+04
8.051000000000000000e+03
2.692500000000000000e+04
1.954100000000000000e+04
2.212400000000000000e+04
4.385000000000000000e+03
1.756000000000000000e+03
1.965900000000000000e+04
7.857000000000000000e+03
2.086500000000000000e+04
2.520800000000000000e+04
1.046000000000000000e+04
8.741000000000000000e+03
1.231200000000000000e+04
6.420000000000000000e+03
5.110000000000000000e+03
1.309900000000000000e+04
9.210000000000000000e+02
2.234200000000000000e+04
3.164000000000000000e+03
2.082000000000000000e+03
1.090700000000000000e+04
5.187000000000000000e+03
1.162200000000000000e+04
1.493000000000000000e+04
1.592800000000000000e+04
2.175000000000000000e+03
1.519100000000000000e+04
6.147000000000000000e+03
8.189000000000000000e+03
1.423000000000000000e+03
2.312100000000000000e+04
1.751000000000000000e+03
2.558700000000000000e+04
1.550400000000000000e+04
6.056000000000000000e+03
7.936000000000000000e+03
1.164000000000000000e+03
1.414300000000000000e+04
8.915000000000000000e+03
1.022400000000000000e+04
1.241100000000000000e+04
1.548400000000000000e+04
1.767000000000000000e+03
1.399600000000000000e+04
2.387000000000000000e+03
1.602300000000000000e+04
1.593600000000000000e+04
2.219200000000000000e+04
1.547800000000000000e+04
2.122900000000000000e+04
2.328600000000000000e+04
8.079000000000000000e+03
2.100200000000000000e+04
1.863000000000000000e+03
1.154600000000000000e+04
9.728000000000000000e+03
2.447500000000000000e+04
9.475000000000000000e+03
1.556300000000000000e+04
1.755000000000000000e+03
2.198000000000000000e+03
2.125200000000000000e+04
2.216100000000000000e+04
1.325000000000000000e+04
2.213000000000000000e+03
1.058300000000000000e+04
1.459400000000000000e+04
2.607700000000000000e+04
4.288000000000000000e+03
1.608000000000000000e+04
1.822000000000000000e+04
5.502000000000000000e+03
2.116600000000000000e+04
1.667000000000000000e+03
1.443900000000000000e+04
2.312000000000000000e+04
1.220400000000000000e+04
1.413800000000000000e+04
2.106200000000000000e+04
3.175000000000000000e+03
2.109200000000000000e+04
2.086700000000000000e+04
2.541000000000000000e+03
1.040800000000000000e+04
3.804000000000000000e+03
6.697000000000000000e+03
1.796700000000000000e+04
1.446400000000000000e+04
1.869000000000000000e+04
1.381600000000000000e+04
2.429000000000000000e+03
9.892000000000000000e+03
1.706800000000000000e+04
1.115000000000000000e+04
2.170800000000000000e+04
3.896000000000000000e+03
1.840000000000000000e+02
1.127400000000000000e+04
2.462000000000000000e+04
3.942000000000000000e+03
2.018800000000000000e+04
2.367000000000000000e+04
1.857500000000000000e+04
4.285000000000000000e+03
6.276000000000000000e+03
1.881200000000000000e+04
1.512200000000000000e+04
6.691000000000000000e+03
2.630000000000000000e+02
4.745000000000000000e+03
1.278900000000000000e+04
1.877900000000000000e+04
2.549000000000000000e+04
1.797300000000000000e+04
1.709900000000000000e+04
5.159000000000000000e+03
4.673000000000000000e+03
2.691600000000000000e+04
2.008300000000000000e+04
1.826200000000000000e+04
2.136300000000000000e+04
1.199000000000000000e+04
2.458900000000000000e+04
2.131300000000000000e+04
2.620600000000000000e+04
5.774000000000000000e+03
1.666000000000000000e+03
1.606800000000000000e+04
1.633400000000000000e+04
2.028800000000000000e+04
9.850000000000000000e+02
1.565700000000000000e+04
9.947000000000000000e+03
2.692900000000000000e+04
1.578800000000000000e+04
1.349600000000000000e+04
9.919000000000000000e+03
1.580800000000000000e+04
1.195600000000000000e+04
1.549000000000000000e+03
1.595600000000000000e+04
1.493500000000000000e+04
2.040400000000000000e+04
9.079000000000000000e+03
1.061200000000000000e+04
3.540000000000000000e+02
1.988300000000000000e+04
3.873000000000000000e+03
7.404000000000000000e+03
8.184000000000000000e+03
3.490000000000000000e+02
5.532000000000000000e+03
2.381800000000000000e+04
1.070000000000000000e+04
6.750000000000000000e+03
5.033000000000000000e+03
7.034000000000000000e+03
1.539400000000000000e+04
9.550000000000000000e+03
1.902000000000000000e+03
2.666000000000000000e+04
1.632700000000000000e+04
5.111000000000000000e+03
2.171000000000000000e+04
3.594000000000000000e+03
6.888000000000000000e+03
3.061000000000000000e+03
7.919000000000000000e+03
2.542400000000000000e+04
1.681000000000000000e+03
2.250000000000000000e+03
2.059600000000000000e+04
1.989200000000000000e+04
1.490000000000000000e+03
6.813000000000000000e+03
9.393000000000000000e+03
1.118800000000000000e+04
3.872000000000000000e+03
1.132100000000000000e+04
1.613700000000000000e+04
1.519600000000000000e+04
2.094100000000000000e+04
2.373000000000000000e+04
2.642900000000000000e+04
2.144200000000000000e+04
6.887000000000000000e+03
1.797200000000000000e+04
1.617400000000000000e+04
2.714900000000000000e+04
3.954000000000000000e+03
4.414000000000000000e+03
5.876000000000000000e+03
2.400400000000000000e+04
4.259000000000000000e+03
2.128400000000000000e+04
1.075600000000000000e+04
3.898000000000000000e+03
3.997000000000000000e+03
2.472000000000000000e+04
2.645600000000000000e+04
2.655600000000000000e+04
6.341000000000000000e+03
1.013600000000000000e+04
5.860000000000000000e+02
2.129900000000000000e+04
9.210000000000000000e+03
4.115000000000000000e+03
9.287000000000000000e+03
1.727900000000000000e+04
1.789000000000000000e+03
1.842000000000000000e+03
2.008800000000000000e+04
3.198000000000000000e+03
2.047400000000000000e+04
6.608000000000000000e+03
2.631300000000000000e+04
1.640900000000000000e+04
1.418800000000000000e+04
5.591000000000000000e+03
2.520300000000000000e+04
9.214000000000000000e+03
2.627800000000000000e+04
1.102300000000000000e+04
8.203000000000000000e+03
2.695100000000000000e+04
1.684700000000000000e+04
1.061300000000000000e+04
2.433000000000000000e+03
2.793000000000000000e+03
1.820300000000000000e+04
1.346500000000000000e+04
2.388500000000000000e+04
6.787000000000000000e+03
1.836100000000000000e+04
2.145600000000000000e+04
7.923000000000000000e+03
5.783000000000000000e+03
2.293700000000000000e+04
3.085000000000000000e+03
1.266800000000000000e+04
1.062400000000000000e+04
2.024100000000000000e+04
4.901000000000000000e+03
5.140000000000000000e+03
1.498300000000000000e+04
2.030200000000000000e+04
4.297000000000000000e+03
9.877000000000000000e+03
1.152300000000000000e+04
4.394000000000000000e+03
6.611000000000000000e+03
5.031000000000000000e+03
9.000000000000000000e+02
1.923200000000000000e+04
9.388000000000000000e+03
9.912000000000000000e+03
1.870400000000000000e+04
7.900000000000000000e+01
1.239600000000000000e+04
4.870000000000000000e+03
1.899000000000000000e+03
4.028000000000000000e+03
2.609600000000000000e+04
1.452200000000000000e+04
2.383300000000000000e+04
9.248000000000000000e+03
2.602300000000000000e+04
8.704000000000000000e+03
7.141000000000000000e+03
7.380000000000000000e+03
8.830000000000000000e+03
1.868000000000000000e+04
1.307100000000000000e+04
2.424600000000000000e+04
2.375100000000000000e+04
1.608200000000000000e+04
6.278000000000000000e+03
1.548100000000000000e+04
8.673000000000000000e+03
1.551900000000000000e+04
2.652000000000000000e+04
1.380400000000000000e+04
1.791000000000000000e+03
