Epoch | Train Acc | Val Acc | Train Loss | Val Loss
------------------------------------------------------------
    1 |    0.6726 |  0.6729 |     0.3140 |   0.3155
    5 |    0.6082 |  0.5762 |     0.2965 |   0.2929
   10 |    0.9142 |  0.9033 |     0.1254 |   0.1328
   15 |    0.8078 |  0.7732 |     0.1866 |   0.2300
   20 |    0.9263 |  0.9071 |     0.0979 |   0.1100
   25 |    0.9142 |  0.8922 |     0.1055 |   0.1154
   30 |    0.9058 |  0.9071 |     0.0991 |   0.1105
   35 |    0.9282 |  0.8848 |     0.0890 |   0.1268
   40 |    0.9179 |  0.8996 |     0.0955 |   0.1131
   45 |    0.9496 |  0.9071 |     0.0784 |   0.1065
   50 |    0.8088 |  0.7732 |     0.1603 |   0.2003
   55 |    0.9580 |  0.9219 |     0.0621 |   0.0992
   60 |    0.9366 |  0.8996 |     0.0675 |   0.1209
   65 |    0.9646 |  0.9108 |     0.0575 |   0.0979
   70 |    0.9739 |  0.9145 |     0.0479 |   0.0956
   75 |    0.9748 |  0.9145 |     0.0480 |   0.0988
   80 |    0.9683 |  0.9108 |     0.0487 |   0.1025
   85 |    0.9785 |  0.9071 |     0.0408 |   0.0990
   90 |    0.9748 |  0.9108 |     0.0431 |   0.1036
   95 |    0.9804 |  0.9108 |     0.0399 |   0.1007
  100 |    0.9692 |  0.9219 |     0.0439 |   0.1117
