Epoch | Train Acc | Val Acc | Train Loss | Val Loss
------------------------------------------------------------
    1 |    0.6148 |  0.6114 |     0.3378 |   0.3318
    5 |    0.8933 |  0.8994 |     0.1440 |   0.1378
   10 |    0.9086 |  0.9172 |     0.1071 |   0.1086
   15 |    0.9284 |  0.9093 |     0.0937 |   0.1047
   20 |    0.9077 |  0.9152 |     0.1158 |   0.1229
   25 |    0.9417 |  0.9270 |     0.0966 |   0.1031
   30 |    0.9467 |  0.9389 |     0.0786 |   0.0926
   35 |    0.9472 |  0.9428 |     0.0738 |   0.0961
   40 |    0.9368 |  0.9211 |     0.0781 |   0.1023
   45 |    0.9388 |  0.9389 |     0.0804 |   0.1036
   50 |    0.9536 |  0.9211 |     0.0698 |   0.0922
   55 |    0.9556 |  0.9369 |     0.0593 |   0.0900
   60 |    0.9496 |  0.9389 |     0.0670 |   0.0975
   65 |    0.9575 |  0.9389 |     0.0543 |   0.0872
   70 |    0.9388 |  0.9389 |     0.0731 |   0.1112
   75 |    0.9323 |  0.9231 |     0.0873 |   0.1378
   80 |    0.9096 |  0.9053 |     0.1003 |   0.1378
   85 |    0.9793 |  0.9369 |     0.0369 |   0.0892
   90 |    0.9704 |  0.9231 |     0.0407 |   0.0950
   95 |    0.9783 |  0.9487 |     0.0328 |   0.0891
  100 |    0.9842 |  0.9408 |     0.0289 |   0.0928
