Epoch | Train Acc | Val Acc | Train Loss | Val Loss
------------------------------------------------------------
    1 |    0.6257 |  0.6213 |     0.3264 |   0.3214
    5 |    0.9244 |  0.9231 |     0.1168 |   0.1152
   10 |    0.9195 |  0.9270 |     0.1094 |   0.1091
   15 |    0.9200 |  0.9112 |     0.0957 |   0.1057
   20 |    0.9259 |  0.9369 |     0.0926 |   0.0992
   25 |    0.9319 |  0.9369 |     0.0879 |   0.0970
   30 |    0.9472 |  0.9408 |     0.0770 |   0.0918
   35 |    0.9348 |  0.9172 |     0.0765 |   0.0999
   40 |    0.9477 |  0.9448 |     0.0779 |   0.0930
   45 |    0.9511 |  0.9349 |     0.0696 |   0.0998
   50 |    0.9309 |  0.9310 |     0.0861 |   0.1133
   55 |    0.9541 |  0.9408 |     0.0663 |   0.0977
   60 |    0.9560 |  0.9250 |     0.0614 |   0.0949
   65 |    0.9644 |  0.9448 |     0.0545 |   0.0938
   70 |    0.9669 |  0.9310 |     0.0479 |   0.0972
   75 |    0.9709 |  0.9408 |     0.0444 |   0.0946
   80 |    0.9743 |  0.9329 |     0.0427 |   0.0947
   85 |    0.9654 |  0.9467 |     0.0454 |   0.0990
   90 |    0.9743 |  0.9290 |     0.0392 |   0.0958
   95 |    0.9649 |  0.9448 |     0.0502 |   0.1033
  100 |    0.9748 |  0.9448 |     0.0395 |   0.0941
